229
2044 20
29958 39554 69029 71861 27066 89068 25945 63471 64546 92294 79761 7230 69976 59429 90947 34336 2766 73699 63723 84863 
6851 20
7601 88250 6744 10565 53761 4614 88064 75447 29042 34749 67363 13616 20274 58695 75112 19728 13606 80767 89482 10621 
6370 20
33734 88380 46583 427 32239 37690 34253 18097 91160 32566 93433 94898 93870 3501 84683 48312 43840 60385 40362 25601 
54 16
67037 84312 25896 13920 66803 72890 42403 52778 1443 50638 97254 81349 16396 49211 24468 30585 
1551 19
57630 56068 37223 9404 57225 8504 4790 2684 97317 68416 88606 44066 60973 97265 34746 12481 51535 41567 21609 
9806 20
3034 7833 27565 5897 66069 66792 23799 91531 48636 63040 51194 25166 32539 75753 17347 90405 26491 45685 5999 49240 
165 19
70232 77458 56855 28355 37089 6338 82111 76135 81958 78600 57068 71402 78531 77356 91426 51720 33518 88798 29967 
8738 17
34438 20614 68221 1081 46844 42857 89237 2052 92795 33701 88550 485 69069 47390 10840 36519 41936 
8973 20
76599 52515 8089 94822 80592 18526 32010 72550 35726 20203 75414 54002 42555 6258 65888 82094 3804 16911 43139 103 
5006 20
54408 54828 50106 68314 43268 21514 30427 91079 53649 6050 25614 12938 18289 57867 64415 76702 46101 95257 35815 39830 
643 18
80377 73064 23442 87427 71602 81916 65144 55374 62582 28243 99460 16021 4375 39678 84711 1126 8537 36961 
1267 20
96082 17825 66432 40834 13994 5885 53688 9506 34469 39525 592 30878 9453 62486 90776 67886 91226 82685 18473 2829 
6235 20
54675 98310 2510 89751 51514 33564 21213 14188 78483 27975 20599 23126 10813 67868 16201 74048 89434 85956 44347 43368 
9926 19
60582 88696 93284 90990 60362 71798 78372 83446 47992 61502 56215 85636 31119 84581 64989 28125 81947 96756 51440 
240 20
55689 37891 72409 49892 21367 95355 1622 88217 76863 73126 54767 43496 69382 14528 76683 90766 28567 15674 69742 63303 
7407 17
71967 84012 19051 99915 65910 88573 17054 56070 58136 75113 18397 5091 72956 90246 64217 46170 41471 
5828 19
31959 92313 83035 82543 38708 26996 26011 99593 32761 19665 96799 8329 81474 3214 74067 6750 86146 71257 93889 
6218 16
28704 99660 71790 9772 18018 21458 11167 26004 97296 70536 66609 93996 36207 78879 52549 90010 
1812 20
90159 89310 81393 52135 40192 89741 97811 38890 66766 85113 78702 53322 87752 86931 87679 65584 26813 54479 78892 52496 
9629 17
76914 33547 63036 87028 69054 51633 13258 29531 18160 50041 56195 88717 60819 1721 30591 37812 8705 
5427 14
25335 48764 78939 92912 33340 16191 60495 95337 75811 28677 37203 70834 13678 96387 
4707 13
51038 61388 66824 22690 19297 60478 95990 17278 26328 32447 43031 85339 52851 
3840 15
96164 16237 5334 57288 77180 16075 82945 78316 22963 81718 85873 35383 99721 87178 21985 
2926 15
54429 40328 65807 38518 73405 71063 64459 40243 766 79790 1535 3508 43807 58374 28810 
9692 17
991 12574 90107 94674 59362 89000 4046 53196 17138 49181 6893 38246 70740 10196 45235 44492 95232 
6352 18
42358 31336 45271 49638 61506 34590 27570 65044 40118 66726 43860 95531 23511 38972 64329 42176 77842 3993 
8456 18
82828 3184 63525 35882 22327 75132 99130 26636 81486 92738 27441 82417 586 15356 4362 56892 57733 12378 
2730 20
18560 63811 35101 60416 66784 71854 70104 76645 91768 12548 54344 67025 18595 27652 40990 13444 93833 17174 48575 8906 
7199 14
24487 45151 27031 63115 60924 74428 61915 68792 12935 62380 76608 38452 51920 14 
4208 15
47545 53383 65336 53764 85074 3478 80713 72542 11273 77200 79637 10595 87539 67397 67349 
1113 13
51111 68200 5952 52266 71738 92130 56563 29243 70689 87168 78953 47297 36323 
2347 20
34633 76329 154 56651 73655 12833 97212 15830 81311 68990 34009 27492 18376 90660 5867 36611 58160 25196 52967 5826 
8976 20
99108 935 11277 65931 89239 74851 53060 12849 78872 73120 10516 7834 3108 64180 33228 82073 43847 99779 51487 6077 
5442 19
46339 77040 39546 11185 4414 8369 5966 65527 50758 90500 24380 84803 19549 82770 38414 76131 31644 88037 1754 
385 19
27961 64935 85030 75198 20230 89658 79563 46061 71824 10430 19789 10835 62077 29176 2855 9421 43379 78224 35746 
4343 10
98181 6854 2801 51840 27144 14267 30423 98499 63682 7638 
1318 20
30334 99962 14868 53550 80494 57100 10334 95654 15196 98679 61901 55870 81761 31460 29097 44748 97398 33648 49411 82763 
5555 16
43114 41617 26780 15588 5128 48511 40617 72557 77368 44824 52666 43089 53231 21604 3773 88406 
3650 12
19999 19126 43650 9220 35380 59147 61795 53189 54281 84273 13681 84962 
7370 17
8449 1927 62651 51133 4885 35996 55520 90693 42726 82378 40079 90353 7630 30860 71647 68464 7984 
689 17
32873 68624 1684 96861 16153 94276 23254 49548 18401 41102 83589 25651 44581 39002 16470 83528 35758 
9689 14
52717 16618 25065 24717 82941 57232 92443 20901 99959 26460 41822 99017 52173 99039 
998 19
87016 84235 528 88412 5972 10341 71692 13501 94734 62563 73761 57320 47320 48139 75094 84043 89149 62403 47095 
7586 17
84757 80378 13396 79659 49041 72084 8613 27731 73573 79780 65559 34950 95048 46510 27049 18042 9314 
2276 15
16594 88880 49600 40974 53887 39529 60061 28198 83080 75298 80809 50057 59168 43859 22235 
6273 13
857 43226 75959 12488 97091 76040 62490 95368 12008 64713 60312 5951 12290 
661 20
48941 87312 32402 83190 46618 77606 50977 25973 15297 26557 49350 31489 55860 41272 44823 15973 86001 9112 5110 66405 
2831 18
93596 15419 93973 22273 38304 98578 47150 45097 28660 27785 44596 19327 95479 34178 87748 23139 3628 82123 
8033 18
2919 8024 90525 38348 44501 88568 29245 46948 55854 41502 99271 73056 64948 85106 26887 68909 86261 87991 
6857 15
15612 86137 18415 61611 70698 716 20089 62817 68854 63757 86539 59017 98015 87451 9302 
6385 16
98745 10866 97321 74546 96401 73316 91028 60313 62682 63976 27684 84616 43475 93346 21740 63619 
3338 18
79349 81041 50358 92852 7264 73016 75423 42090 2571 52575 88522 96339 38233 95500 6544 18208 57310 29527 
1463 17
80195 57434 93555 65170 3321 88137 33650 38005 55955 23948 39425 55163 84897 62003 83059 27997 32396 
2366 15
77114 65455 49331 1973 51078 60684 39807 1659 49368 15075 93864 78503 31925 6938 90125 
7753 19
54794 20565 40904 93271 61078 1329 30923 77982 92741 91502 49273 66184 80803 42937 51085 98850 73238 58291 86372 
1068 13
33363 71841 54924 3180 82480 43056 51243 37593 54784 94162 13243 58139 4131 
9422 15
31735 41978 50055 23606 4635 52134 95760 48424 23360 737 2232 25135 34752 16162 87083 
1996 12
30382 63868 73587 26562 15683 24317 69113 33775 67027 34632 40074 83088 
5017 20
1990 71607 33967 20467 31031 62360 90077 54423 90889 4977 17889 46805 85280 97297 8655 4919 27933 4551 6203 33319 
713 16
76825 61069 40408 3566 91155 28713 45387 49475 28565 82198 32643 96448 89016 8217 52742 74248 
1008 18
57938 78515 46188 13092 96445 51508 27054 27777 31576 49419 78428 2818 65480 52669 95842 84098 56557 16964 
8972 18
22086 75702 14273 71802 41535 5849 30077 17654 51830 16737 20421 62478 53092 85864 73211 45606 10030 77649 
2373 20
92511 95985 99184 91996 57460 60194 5275 42763 81065 90410 29834 80114 79075 60599 80700 56102 90475 33766 12505 2562 
3408 10
37749 60133 75755 52769 90131 1900 3429 72808 31704 56881 
9600 18
84139 64856 87758 69973 48526 67015 29343 92817 19053 99091 53341 35134 78409 77425 84785 36851 83775 56260 
3785 17
40279 45841 56971 66502 59935 22833 57074 50592 87922 31957 83734 92936 35220 10155 78712 16133 74589 
69 13
61389 68154 51531 84681 86023 24952 65739 92147 5808 11810 61912 52387 35067 
3163 20
41984 60958 20642 24492 38375 39621 8824 26781 61612 9937 96248 37797 94062 44178 2141 85243 18068 41173 62759 71380 
4255 20
81866 86820 56287 86341 72649 86205 43634 64636 77860 30433 96564 4701 67242 99761 82795 26711 80831 49819 63616 36939 
6008 20
29920 45867 5250 34661 11410 84551 87851 79165 43410 24401 60417 96729 54791 36282 49132 29348 34879 80558 14507 65795 
9959 14
4214 58183 7285 44815 52749 26480 38560 9752 77174 14715 96191 6915 20609 98864 
9566 10
52477 57624 65721 48216 76358 44518 60741 85657 3302 41865 
2007 19
81808 68230 41736 90276 15539 71235 34283 38015 9537 8237 86760 31316 65964 12360 97125 25632 35018 61414 33004 
75 12
72551 43652 28823 22522 43815 92243 80304 45665 65236 19632 28878 90752 
8471 18
78117 94993 69879 35984 16276 82112 8621 88411 56064 34159 84197 59116 96319 85198 55075 33641 95942 94936 
5444 18
10256 61132 20854 3652 18930 47063 84560 98166 48021 6503 49271 18787 2622 53417 33361 65462 17988 48914 
1587 17
60721 45594 11356 32324 14232 48070 24065 41283 70705 28079 94412 58081 12880 62849 92483 54053 51741 
9086 17
67525 4132 71945 15158 16136 69144 57292 91913 77493 70550 47245 130 4626 68413 82063 60589 52586 
9437 17
63959 29046 54626 79888 7993 26585 57399 15267 84345 22126 42750 9563 18572 78864 61983 44727 9879 
5934 12
43197 2096 25573 93200 83879 83038 784 70280 20981 42818 10181 61008 
3470 15
20558 98740 83206 73037 46955 33836 78132 77800 56067 88324 41087 72116 20222 44068 23632 
9250 13
64333 91350 85035 44363 81473 22362 56990 26902 40283 47229 50572 401 36413 
7142 16
14558 43691 35387 19387 69766 72642 5224 61807 1585 27558 67052 76010 51013 98014 31774 1536 
9679 12
44680 72076 14328 40355 29676 47337 95311 15921 99983 5315 21988 57609 
5390 19
1629 26973 91957 41659 46059 96555 76674 98409 37734 80485 5053 65140 61675 83944 32506 75021 41223 6763 41258 
4609 10
45675 27165 18618 64112 14716 88403 23197 31435 4505 98779 
4820 12
16363 44794 51353 47110 76438 23528 34392 41889 7553 98860 33462 59744 
1927 15
40567 86437 73243 91736 23592 23729 3347 37925 57500 25473 77772 33481 45031 32340 27236 
2131 19
39127 40821 96117 58267 57250 32293 28303 63610 30118 96149 83882 5323 4950 49793 98680 60033 35568 99241 70660 
7189 19
46994 23384 54477 36245 42935 42169 20099 63674 15573 72117 86771 26964 96170 81636 17151 62019 68642 80296 92857 
1526 18
49380 55383 50207 60687 46236 32302 6366 17543 22533 76068 90084 52941 32737 69806 69094 97275 75968 9957 
7734 19
95387 92277 95683 76638 73853 108 42257 25989 59922 16254 60539 23806 12479 47672 90738 41152 70372 96541 10068 
9126 11
87725 93125 95054 7305 5255 50558 8598 92754 5381 64529 69043 
2786 14
37310 15562 29626 88803 99560 10714 7537 53376 38790 72419 55427 25368 27246 34993 
5664 19
90558 48407 99451 46966 62042 59453 89379 79939 64089 71750 23238 92874 56387 74449 23990 26666 47216 35355 6082 
9161 12
28820 86004 22360 58675 49589 88825 43394 48675 27959 63463 59598 49010 
3298 13
44067 56286 84182 84332 84479 68128 53145 79524 95305 5825 66225 61259 27977 
3393 13
89700 52569 80043 66582 53682 39087 83028 55160 87456 17335 38047 63426 14312 
7629 11
46107 84700 58322 92782 45340 41662 63511 85034 75518 29847 44723 
518 19
77077 18559 96228 72282 61006 28857 87760 15787 49205 39438 91668 45991 77244 23081 83144 2479 50495 17225 58061 
4386 20
55589 76411 81146 63486 27770 25605 55159 51559 8144 74910 53983 20278 58984 1441 41768 41057 51286 70149 2757 50686 
1134 18
97847 75431 25465 54712 98064 23881 74091 20869 56435 73491 64372 30164 23150 92712 99114 86112 98053 58042 
2187 15
58501 50471 71719 90785 64298 81748 99474 74771 37181 58897 33483 24285 29389 36303 94012 
9190 20
96357 1958 45448 64270 18878 19799 36270 50787 26855 69650 73766 50452 36196 52626 81730 85464 6343 82163 37077 30253 
7280 15
80899 6392 93565 38742 1658 24479 5116 55355 35081 2535 88372 35778 5917 4380 86327 
2900 12
63775 64218 51805 28661 71673 15207 47321 5624 8159 314 21725 42158 
9249 18
42290 77057 85493 5205 77217 45327 20760 80125 10290 82320 46240 39161 45659 8408 53510 61718 26252 86535 
67 20
97380 10379 80138 17819 38474 53171 78606 23088 96609 19160 43532 29957 3776 56251 8420 70823 43389 97315 66461 13875 
4844 13
14200 15524 24410 53528 57653 72477 30271 33064 68542 92499 95477 84617 62163 
645 13
84181 55001 98599 29121 18510 6448 19778 41048 3243 26267 47155 34872 35601 
5142 12
89850 85622 72067 21438 72353 56963 94670 25283 94091 84764 38870 98935 
5023 17
71227 57179 42712 32205 66078 8667 54788 85676 13803 72850 31201 82184 73933 50887 90649 87136 44869 
333 20
14167 66077 85210 54340 26728 17375 65703 77281 16094 98009 629 56452 42018 2253 22979 83552 28898 66274 43130 56312 
6833 13
66898 58466 34697 61538 19467 83173 17035 98776 98092 18881 133 18372 96624 
3358 20
19128 76535 88505 87713 56633 52329 8879 93001 75103 49444 51928 38521 50566 99469 509 64746 3125 4134 42331 2243 
4604 13
82423 12035 96775 63847 97600 66708 2724 98772 43924 39649 41997 15376 5038 
6535 11
82449 90022 41789 58169 86490 73654 47292 85998 36114 87029 37635 
8438 20
3114 31212 41446 53808 68430 61081 97309 81484 13091 89572 28485 19863 24174 66624 38585 84615 32997 32161 10531 48060 
1181 11
5320 29214 27377 28042 4193 28899 83554 92124 12567 78261 74718 
9259 19
74440 88182 59748 27699 61950 99710 10014 41786 91925 26841 45917 8067 27425 27456 87543 52538 56767 5466 75674 
1192 20
3642 73614 93095 57282 40448 97350 41635 46738 24015 10881 24210 35148 93879 16515 2495 6912 7660 66298 72602 93215 
322 14
37233 86071 41345 22915 26229 52127 65870 72500 6746 11553 24630 98762 96607 47789 
3218 13
97500 37840 95143 59691 5162 1010 52401 23072 46846 86848 23405 55521 84101 
5079 18
92329 40742 22152 33243 21014 89780 72914 5740 77706 96146 78166 56289 75525 65431 51137 81583 39335 76030 
8524 17
49198 72968 17897 74016 20895 35140 21150 57504 43774 88200 63307 11323 1256 47402 71904 14017 55501 
8924 19
12031 37607 75238 70709 11531 35164 63884 4045 74346 94983 39946 96539 82408 19112 35280 43711 36417 18916 3317 
2560 19
47035 50332 87694 47585 42077 98687 34286 9355 3919 90653 30532 46678 23625 36243 53012 57157 54891 12033 61536 
6477 11
54594 93840 34387 3333 73936 7617 30083 93482 30467 10324 55151 
5229 11
77406 40749 70500 92779 40015 22332 70909 45569 23585 46851 33429 
688 17
22656 6101 60412 50065 12536 81903 17946 22826 43277 71898 23263 91812 30528 49316 7324 74377 68621 
1401 20
21662 36831 18325 32087 99567 40839 88283 25313 59882 89744 35776 650 63603 33765 10209 4430 85309 63672 77727 41249 
6767 16
60472 6143 27318 1299 46386 85726 38202 40514 48198 96093 52410 82419 8860 26393 42432 44190 
4037 14
98773 10238 57868 36940 47427 81436 84441 54646 25943 37484 15345 90516 79528 56820 
7647 10
85014 68095 29782 85007 64308 23892 30432 48307 42261 23555 
2124 16
75291 45414 98474 5909 86917 51097 52177 79976 53071 17466 65630 73227 40359 7134 89146 8319 
5840 11
12494 39061 70067 7708 27613 9233 8068 18131 15468 62095 7579 
86 19
36423 10795 43935 16121 3767 41539 62883 42084 25588 47605 92133 49254 7112 85049 96175 7957 99786 40976 72443 
1710 20
69544 23575 87730 81702 72811 82128 28593 24420 49003 54573 8315 16624 79794 97475 40172 87138 70407 12570 18689 88922 
6558 15
92724 1310 29905 13742 92593 32443 55430 38168 8947 35358 57102 63398 39113 18817 20371 
8428 15
13466 31962 36602 98176 92951 24258 99270 90875 39847 71008 93641 11796 92701 47424 33681 
8882 17
25142 32131 24495 39812 77284 73374 60310 50808 68935 73688 71145 92822 83117 60010 38180 95789 64412 
5057 18
98302 35107 51615 26128 52320 92737 91836 37004 20724 27485 37723 10394 30101 56288 69573 56493 54671 27927 
7343 13
31099 30079 40618 23372 74988 41362 54622 40902 60078 80542 50309 46001 57678 
7466 13
16046 20898 13826 71446 58751 92083 13300 24447 85827 87747 38969 39625 55929 
874 19
82426 74434 74413 19966 92719 89901 49933 47118 92235 16240 13886 75422 21087 65799 34062 71667 65360 53057 20039 
4426 16
78751 55935 17391 4953 83615 49493 49222 38629 50660 26942 54725 2486 56976 38032 92276 2047 
1596 15
79620 43430 75356 60540 25014 30880 29111 76098 99733 15116 66979 11141 5745 19531 2125 
1306 16
18406 25357 75924 1576 62833 49587 75598 99144 99346 26765 10249 4434 61434 10073 11920 62253 
9781 12
72280 12902 80745 41292 81815 78276 66930 28096 48639 34317 47602 23325 
5094 16
82605 42126 66827 59218 68166 73576 49277 45437 35863 67580 88548 80524 4146 24566 34413 64846 
3686 19
86381 3504 368 4589 64481 49658 48373 67725 48264 74785 30454 47652 8515 5290 72494 50903 75781 85782 1455 
4741 13
60103 88558 56904 7262 14982 46894 79541 30807 40058 11211 77687 79975 29095 
4300 16
67648 39613 31061 16592 31821 24425 14456 3956 46790 40386 64394 76046 54399 11033 70905 36569 
359 13
13565 52966 82630 76634 29604 62847 30292 41001 39537 81152 80041 1038 49664 
5663 15
47686 52013 19879 37358 81716 62251 56926 11433 45285 27257 88330 44041 71284 44330 71163 
8063 19
30541 40424 54650 6973 99401 40264 584 56526 83707 20005 67137 89491 29518 66482 41326 62555 91775 86727 43447 
2621 9
36375 11533 98977 80245 64707 17450 39545 91131 26623 
7392 10
14046 31634 57124 99762 61742 41434 12413 29265 6165 53723 
2826 17
42833 27319 94735 69989 96238 65409 22339 89284 769 37111 6595 52052 9304 17651 40478 8700 42370 
4596 20
37485 76356 44224 20541 8260 47181 67067 54534 53736 94460 52039 33631 30901 33594 39582 48456 94343 43980 43957 92323 
3659 11
90038 26962 34572 92167 93110 31524 10369 49798 39074 90912 81871 
2509 10
14228 44888 15991 42915 2006 72907 17423 63796 16645 99990 
1231 10
24078 67879 84602 69045 93993 90934 62763 46637 95083 50913 
2678 17
35126 76421 29041 77250 76691 1318 76991 17356 90922 12219 29025 57883 88257 69205 37851 36316 67809 
390 12
56865 93428 32055 58769 96393 17443 40025 30038 14246 99637 56932 84434 
4819 10
31965 81331 90984 557 60756 75208 60731 99325 84548 26213 
2093 12
30567 58161 59479 51882 48718 15301 31262 64266 81374 91657 82254 71921 
8450 19
48365 65968 28509 74610 52759 25301 24474 12668 42454 60389 44254 28983 48071 32778 18541 14602 46318 96231 40969 
6651 15
97922 17235 75521 51614 71387 21468 47244 74736 24752 52850 42422 56279 10564 34061 60822 
2036 19
40670 27844 83062 92696 45700 24556 51581 16038 63312 34011 93088 83164 81755 94494 84093 4076 81429 13604 98617 
6528 18
25347 50675 47273 75647 95983 19149 26612 13492 15264 66048 94286 7474 56565 44540 89483 8991 31839 52222 
3175 17
35385 22989 77147 94408 30241 7023 5361 80390 87567 41960 12851 47318 36081 53802 27942 37994 97155 
426 10
48728 5242 69733 49744 6427 63707 89569 34598 98210 44266 
2791 13
45527 3902 94423 9113 59542 90458 35754 237 74206 79406 17202 19717 17394 
4987 14
97016 98236 77044 19561 82912 24986 83561 76805 41791 85808 10586 92545 25111 21565 
8849 13
62967 99175 19806 97528 66520 36545 88498 5223 73029 78663 42341 43003 74292 
9614 10
10899 83437 81235 74250 64146 7825 29772 97583 35009 5167 
1466 12
82007 48583 17274 97446 81197 5870 18454 40255 98255 13167 20079 91699 
4600 10
37460 8445 62439 22180 3579 69772 44640 70670 42989 36120 
7775 14
49803 10611 17638 12252 65314 84415 64631 92500 92727 92260 95467 90698 16062 75428 
6694 13
29563 78535 51500 93434 34659 95283 87237 8661 71961 27826 47023 6928 81013 
1817 11
17796 47886 79166 83564 54196 96901 86213 71909 31560 81138 5211 
7748 19
19456 47953 34170 90231 35936 71239 58724 56177 6903 90146 17877 9749 86220 81834 9768 47744 29529 62119 5310 
3158 11
36749 31781 32626 16439 63923 77539 37816 35969 65580 74000 45045 
4895 14
93867 10040 78650 21696 26707 35229 98876 44937 32581 88698 72747 41089 14277 92307 
6897 19
56907 95402 83304 28038 71074 14860 10856 3932 87937 54263 6564 43423 14925 48793 75602 16476 73295 54084 37550 
3229 15
99601 45433 43290 25510 14939 60149 43248 45081 10429 35511 9100 76434 96380 65445 74019 
1870 17
36793 17983 60250 32814 93475 7120 92192 81883 92179 97204 46532 47604 9367 74884 772 65523 92730 
6454 16
19465 24753 99805 77971 49015 50167 81431 86992 51715 93741 64236 13792 25366 51885 85207 24773 
7514 17
84840 65697 44651 94203 20636 97283 85114 17566 28664 48287 46123 72608 27555 2159 88281 48953 32886 
8248 17
36708 20244 6026 60021 15594 32497 96671 63578 93927 44384 89385 67350 62936 520 18854 6764 29618 
3749 16
40071 34952 6135 5157 80760 33851 53713 99459 99171 20994 70919 1725 68045 52300 64239 85040 
1661 20
24511 85544 148 52131 38934 31834 63329 54200 78657 11558 39745 99581 61243 51298 24792 88907 35534 41620 75322 86486 
803 19
53927 70093 90712 81940 38793 16274 97193 67839 50810 13551 64953 46309 87528 62986 31818 28304 80392 39931 8554 
255 18
39570 82915 5672 46524 80009 5944 79059 94892 79133 61948 28377 34142 18475 53204 60046 1534 48077 65354 
4658 13
46938 2774 7438 89209 87964 9414 12533 71242 96044 2620 23080 39637 19343 
4868 11
71536 60537 84747 29978 26822 34537 98677 43937 18871 93489 83325 
1123 11
84388 15386 81414 60904 13407 25432 58159 92945 62034 39015 32793 
1969 20
92789 69385 11470 69470 29883 36256 22896 36173 84262 68251 88099 14936 37280 62422 46941 16318 77812 51253 36425 37785 
1290 11
38405 22202 75121 56662 88267 36690 17224 86429 23762 42661 45281 
8854 19
62097 95754 15614 68310 28570 64388 92420 17480 41995 73649 88157 23028 38738 41881 48552 68912 78634 84544 11358 
6598 18
32414 24299 39829 48369 26647 54550 2997 46416 71378 72832 36736 48821 93202 37131 662 93894 27971 43454 
3682 15
60921 13780 4716 26532 4708 60112 90721 16664 42226 35033 72719 10616 39526 62604 31207 
3647 18
19488 60015 17388 68843 26260 46038 6182 42891 63484 25825 58458 53261 87904 70903 84733 26457 60536 80277 
5858 13
89982 36776 61045 86090 48787 21832 73185 81031 35106 44204 25631 90818 83611 
5171 20
16578 35832 10543 49129 52278 83485 98516 58294 59834 71222 53013 31258 22050 72825 72316 8111 32968 57161 30835 80163 
1012 12
96698 52998 24508 74354 59172 30549 984 31213 23111 33599 91776 83045 
6601 13
17231 51301 23397 72784 73875 33026 10989 96661 54476 79351 49250 1255 22199 
4543 13
11018 71611 8281 13627 74817 49878 2411 491 35916 73702 61900 52797 85921 
4216 12
90448 99160 8104 97682 68366 74336 48586 86874 52650 74349 45588 63470 
7718 16
56013 62902 45232 68845 27298 95154 43357 78201 87371 40897 35277 81664 60359 60428 38221 62446 
8180 12
95481 61325 28946 41992 78188 54818 9612 2533 75155 65147 50585 98201 
400 12
40822 45706 61144 31075 78204 73180 14683 35436 57054 50989 87873 10808 
5518 10
96274 3768 9698 53113 65759 39802 22482 33826 31128 59737 
2177 16
31104 64068 55049 48816 11461 8328 8483 72534 85483 25795 66445 87213 68404 74391 25679 39013 
2759 20
39908 59588 22593 33693 20900 90412 43513 39207 18178 48522 10911 89978 49471 90172 76238 23359 23179 91442 32169 59994 
3884 10
48650 12359 67465 48563 79821 16854 29028 63567 13120 35026 
7874 16
59671 80391 45742 30154 29032 88927 88206 66548 20886 24224 70627 95943 7841 77996 43227 96421 
4656 17
55114 20809 60252 87210 44478 60443 3111 81859 83099 65456 66921 79388 68644 26279 8354 88121 10071 
6654 17
5163 56962 4688 82253 56570 72165 31707 78231 68860 18908 40876 42309 10613 63573 4327 61709 27796 
858 10
48049 78640 23842 16748 54890 22934 26965 83065 56199 64479 
1091 16
92944 94594 9902 89062 85312 79246 20787 36233 25877 10702 68059 42433 52327 69642 88979 23855 
200 19
89919 26167 90809 66573 4363 31708 30350 97659 58943 15101 57090 78464 64627 95173 29706 31027 26181 60053 51575 
7054 16
60902 22971 48929 98841 94474 18246 32051 97482 4845 93712 10356 8088 29435 99453 80789 59377 
2017 17
20243 5622 94563 97604 74179 75426 76967 3036 29367 17264 23740 62087 67785 57327 59125 8443 14595 
9986 14
48409 4568 27290 7492 13568 11635 92716 18829 59227 3996 67087 53312 70134 85635 
6861 12
28369 56229 85558 70774 36074 44013 56164 77632 65175 36319 41036 80548 
4077 14
24347 759 36514 80141 36959 38701 50568 92882 49514 57190 82847 30650 10864 31984 
2050 19
91098 54561 63098 67661 38205 41604 22575 47813 57326 69260 41857 14901 26804 99519 50714 98129 20173 67012 14026
