38
253 191
65599 30252 99359 1720 59137 1134 70278 92211 43465 65226 77047 94755 48292 57962 36811 62578 38432 56212 45277 59217 74656 67649 74365 13179 14689 20704 80533 33480 76259 91042 8548 51001 74252 27475 8081 49272 69828 62927 44903 71393 24364 62342 8629 3581 29016 14986 34580 78393 97254 71836 37398 42987 15372 18643 72142 57421 38361 59812 44053 84778 30952 88662 3019 61374 14199 46379 76545 39141 18631 67515 34568 45939 87534 27072 92814 71273 66818 28378 4595 25779 22901 18246 15383 92931 64389 20449 82538 44641 46856 91447 92514 39767 50961 88140 48329 48102 33927 27376 49362 88177 2168 22259 78070 18975 84172 7096 66374 4568 93698 40352 41148 3258 38075 9627 24783 25334 76275 60486 2837 58626 90603 9774 29995 11667 69799 75193 2747 62174 53060 53377 81257 34443 77992 24583 3110 48809 32307 55437 70557 19898 83463 27270 12694 52312 77593 82560 59033 24129 28513 63343 65029 7198 25911 71035 83909 10405 19022 23807 58109 35670 59555 84742 55010 44105 48078 17094 74573 37050 96111 91760 73362 46039 12103 25555 60412 59921 7154 6994 74866 17585 41558 59673 8873 60774 8770 44867 78227 20452 19985 18411 62717 
209 190
74594 56274 29464 39957 23766 34146 88554 77998 55663 92751 86616 59445 2422 75322 15873 31727 2984 88808 8248 99004 40398 4391 45077 50963 69999 88360 95405 92953 88852 53786 5223 63183 67641 39268 72777 75323 1982 16582 6493 60805 43021 95909 60765 19917 13168 52507 36925 63515 84594 34567 36162 70228 88442 94339 79487 57945 45216 18949 76856 45370 51869 18579 7917 28228 45721 42730 29525 38487 69464 73055 40571 37070 70275 93733 97234 99961 15403 71694 56664 82748 27975 71473 6180 76048 2033 9384 79580 85343 37080 90316 65089 19074 35017 76136 15417 74921 78706 86039 73124 39495 85490 23520 21996 5394 87093 47507 6062 81771 65391 16805 47771 47822 53486 89660 54204 4382 98694 7391 75684 796 60691 21863 28072 1424 10876 90060 97036 92846 11360 17464 69440 53865 89525 46219 79988 50499 55803 47576 65694 61972 30290 56456 31985 11000 55495 9635 1202 74746 14301 25061 69736 3535 93996 36496 37415 25793 84574 87170 45381 67751 46233 44928 91676 46275 43434 48155 58537 95574 6919 79225 84348 3109 37582 42195 92685 15043 72439 56903 6950 21026 10022 80907 73233 89112 15462 14841 67173 1412 76022 81161 
602 378
15550 23967 79903 69364 63011 33121 56764 17387 87189 30097 75429 12166 90748 85484 14932 36501 75939 30426 46139 73950 77427 97434 88461 2233 65637 94172 93832 84684 61389 69677 67152 23417 17610 17583 90624 63771 43991 53812 15858 2260 35969 12549 88856 54700 10745 4872 59356 88739 84258 36168 62860 98352 51871 1482 54410 56331 42378 20347 75515 94920 53923 43645 79835 96765 59266 93225 4179 27816 6387 39709 11215 3788 21673 21240 94426 24072 43331 73206 50611 6074 26052 45824 41607 51658 71998 30318 64194 88512 30370 445 7842 96138 77416 83262 87651 21197 90433 77513 23413 71518 59000 27285 78680 62851 81286 37305 34878 51856 37805 48377 77360 95251 84370 75527 13815 79191 87183 43859 88926 60800 98340 20301 68169 24819 34288 43277 65747 28556 70857 37733 50120 86161 18259 71367 11370 47178 93101 73109 89008 99150 14429 25010 27573 88371 70890 12171 754 27957 19808 18890 35234 6077 13262 48892 42259 88753 91696 58980 94369 76400 22939 26320 88273 75468 3130 83568 27854 44376 58333 5342 49738 48813 59051 85096 16390 79826 59706 56487 28297 39402 48210 19999 13735 83339 91207 77060 94066 84010 457 85524 94695 52666 52402 93260 64892 28339 20639 63478 1194 73508 12293 62810 61462 10126 57686 5609 11490 92634 39292 8237 86615 85206 26929 37015 64336 61781 64494 31341 79934 55724 61810 66772 10423 77609 83151 36854 33625 18701 33634 38155 75555 32916 43037 96204 15749 96635 97897 4098 30768 82293 55241 29293 41369 81764 33788 18071 74420 70710 9967 99371 42035 53853 23113 43972 8253 42303 9248 1504 49152 47827 5727 13410 88730 28266 41635 23062 14143 24794 46863 37281 98299 80698 70244 7661 44062 38507 22996 28966 80005 10120 46620 3470 39574 8292 90712 9979 41768 55067 21508 38211 41613 96419 45163 10188 73195 40914 49303 71443 57059 80818 64612 60621 89013 87162 29933 47126 10076 93630 65899 58447 42707 36316 22112 80380 29997 25305 92414 97315 75594 23381 48187 60278 94910 80102 88014 72845 11091 35484 45458 14759 28724 96513 20414 40221 71326 22863 49161 70303 6572 80004 31260 74730 76014 97812 59184 72911 66455 43677 59988 41530 74694 17938 47159 10068 54496 51767 27453 39059 70237 74297 39857 43902 8836 33738 93728 88233 70577 98889 61235 51755 57475 75824 20356 9904 24829 11011 30961 72296 
953 179
23556 55487 33393 18302 32316 2295 63103 66755 67832 50507 32206 47996 27148 25435 64010 31786 94979 69271 73962 99485 6391 88708 19822 21445 55601 46865 38132 66247 19783 30327 43896 74716 47330 70272 45774 60267 47408 13634 63293 55977 62298 78158 70529 42198 10207 27913 55789 3456 98126 24500 20394 93990 73458 66916 65213 76576 50895 51818 67713 39262 68494 4147 76296 15714 57355 83780 32539 83137 3939 13459 38151 2036 17045 39962 70758 26736 70486 82581 74231 64468 73288 53644 18103 75881 87950 64885 38839 88198 82146 84438 94227 88761 2513 44348 36627 8634 9137 55507 39748 85242 41533 19798 54829 12507 27523 37647 26756 93795 9174 16222 42872 92569 74371 97806 8016 96114 90924 98933 87078 60887 89077 23102 66694 20172 42078 16386 16875 81608 52672 51972 79546 87899 21409 95522 83871 24597 33325 52783 97253 5579 22368 23114 10609 20969 83975 32717 35682 63762 94356 78340 97863 19888 42369 57927 14621 71446 14529 4414 68927 36725 94514 53551 43142 85413 82362 18717 61085 20509 27866 43189 97987 66937 31327 91577 41403 69238 26653 46246 90138 
205 176
50583 27332 90949 75062 50311 23999 99207 54977 27717 27680 39629 82273 11199 26432 37665 30000 65972 87038 25881 49689 16635 37244 81020 57024 87738 89312 10086 59299 92844 3283 683 1922 47294 85204 96374 2222 65853 78965 87257 44839 37018 31696 89563 64752 76356 98824 9143 84373 91117 22592 88415 73562 38102 6832 5152 71762 39535 79605 19530 18040 10888 25994 97713 16027 45068 98772 5858 32443 66135 13741 25603 88811 42970 25230 17244 18758 41019 76748 30235 77816 37324 55747 25980 3137 32870 26040 4922 96822 49397 35137 60526 44202 68669 27336 67934 79944 90470 55773 6727 58238 27150 30867 28910 67394 98628 96846 96566 37366 29555 12323 56299 16310 80234 90527 46925 66432 51052 44999 91618 69748 92061 81526 80750 71868 6807 54531 78478 24416 87092 18240 50170 72166 48454 62656 66313 14136 43567 70349 88279 71328 25155 44446 80684 69188 84539 72299 57679 15450 37392 48476 69367 50834 40477 41444 70747 67910 96429 60967 36381 61452 68823 34551 41037 26545 47578 97303 36169 84108 54833 34205 81081 25259 37493 63739 72510 76175 
434 344
39404 20221 552 56980 33939 30964 39860 45491 65036 14221 41327 81509 23843 38702 73352 93946 73217 73545 9070 7937 49576 96466 82090 57593 94308 70021 9530 58706 60088 17685 15006 90380 94991 95269 53170 9513 74085 45942 81626 75619 62042 550 83537 77485 81458 69856 2325 59437 87540 40416 88426 95683 21137 29484 21773 37164 1851 42016 93810 87009 36875 17159 19901 84843 64738 30437 4659 28695 54879 1225 34237 79709 13036 98732 57190 73384 71552 45369 29991 29345 24467 16681 1821 60565 73286 88032 78071 85263 38594 53370 39863 57572 10632 67810 63982 72215 3661 61512 97733 17927 94948 29307 75313 17424 46078 49313 41287 43814 69785 41509 20635 64553 83076 2188 26600 23168 97758 60717 12648 23676 75372 86697 252 11988 32778 27999 32239 28030 78746 45441 96345 83929 79810 74675 45962 42269 23029 17325 3687 49443 27361 37286 34823 98246 81577 26593 62981 76394 83009 5116 18293 17998 38834 25944 48455 76196 19804 94730 61767 72766 91403 6851 46844 76381 56047 54535 22509 21902 30224 15702 3731 93214 14756 58856 91817 70293 49257 30373 24428 39905 50016 80389 7819 44970 86353 63399 26699 33371 85864 90671 80877 56729 6441 92866 3339 15993 92603 38616 13520 96287 35441 7411 48548 19210 94287 84462 80803 15352 12129 99272 75628 61530 94638 16503 92248 97068 1379 39734 28719 25975 34658 42206 96955 26157 82972 46529 5115 21675 83166 13722 92193 41740 32186 29993 26302 51988 27667 9818 80166 31934 62794 71459 95907 74507 87998 50409 60952 22756 20134 84054 68943 66939 8095 72747 49095 36363 31166 42063 9418 6803 71846 3321 89853 94620 51431 99924 21321 60438 60684 62250 69138 30764 9135 83284 13555 74521 98257 442 30103 45796 65864 24633 7358 92870 59941 51496 14299 66925 94992 23530 54217 44467 99769 3861 92541 79474 67624 67705 88963 67719 45414 16670 48301 38582 53659 14401 32540 3168 12880 79456 87087 14436 4890 52993 54991 68756 20816 64269 70891 98998 97898 87982 9051 84870 24578 52914 89173 58071 34719 99356 76799 88022 74299 48015 54556 58523 85544 48010 3668 30512 16959 99460 93274 76341 
555 170
27073 28567 49808 13786 292 45506 1395 62157 48567 32338 42480 1859 6316 8937 81449 55925 8272 75284 40648 1603 17670 52563 2425 88143 29647 87305 19132 98943 58547 21369 70499 11675 71394 80751 42802 29698 25336 18400 30491 96721 83039 80737 54106 56714 50208 20104 31114 62932 85706 19343 38506 79890 24905 93620 69374 76374 29984 13967 89144 68180 94750 75887 79610 92999 81441 78697 43458 48713 12950 62239 71654 23796 1774 94347 61212 99038 11952 11687 65101 41329 5561 51281 12734 75792 77010 44317 27872 97951 19899 66050 42857 65310 18650 85953 21127 3182 39669 10302 6149 60830 22406 81036 73164 92161 35176 70480 28684 58267 15202 95086 18595 93153 22010 96085 25319 35065 92137 11069 42305 44065 5108 59904 5585 19727 85662 38541 72605 84657 41555 89247 91229 87741 47441 80930 85943 21098 69079 18725 69211 71208 56952 82529 7845 25987 96552 18432 94712 74683 23677 56428 18768 68900 94180 40037 79701 33285 11723 54192 89539 6540 71426 11491 53095 12669 94462 65830 23410 43868 71564 86482 
583 167
23101 68692 31618 75160 3157 31291 11678 17709 90929 95436 7875 81869 30264 10948 16760 56478 72829 60602 97675 23574 80494 87306 3791 80560 36400 31577 66802 98899 62125 2177 21461 17221 55334 79125 78721 66512 59888 99468 5145 38236 80062 8845 65062 68896 77797 3799 31789 3379 93116 92527 96752 77704 76743 23548 34562 54590 1069 90834 37909 66295 53597 13066 18562 17420 44817 9112 57635 43177 48140 93651 5942 65985 79178 2388 11911 63526 48316 64601 56017 86995 39794 50930 65117 87451 63935 79258 77465 89402 30051 77979 26529 95128 74747 94214 9966 71519 16212 78238 38927 5037 31712 92015 5041 57810 81155 39826 10262 98934 34000 9169 26049 68817 89610 16537 45261 2549 79874 70146 91038 80769 31107 44366 91936 77602 86824 96179 36525 26624 44954 95841 41665 50467 76388 17447 8847 31987 1807 45769 20028 58296 73367 92628 15794 74548 67177 12163 19229 28844 4453 20817 56782 12927 16382 21248 18858 68164 20088 23927 38918 83934 51758 70169 15793 26344 44888 58658 31688 
339 163
56685 72093 85842 11226 16460 65989 10571 16906 87887 49080 17524 13418 12308 69900 97963 22452 64657 17051 70459 36312 20228 97734 11172 93518 6498 83739 6556 15802 80315 73030 31600 25005 88817 17908 65410 28198 76712 47538 94891 31498 96113 41067 79982 20701 33258 95677 66102 33764 63342 82733 26611 42706 97530 11434 18614 72058 60030 97717 40878 65090 45621 69123 40242 41202 99589 83930 90764 29363 51138 92646 97809 52926 81369 30692 80285 56070 34525 42697 26770 57920 39425 70378 91955 46985 35515 44847 13049 94015 93525 38018 39921 30632 52188 18706 39042 21397 19885 23611 11114 33037 73915 35404 40566 90750 23005 39783 83408 28603 93030 58439 92616 65069 64333 32172 93045 41404 97588 31296 88025 33023 57906 47077 54872 54287 56358 96618 81208 39813 10213 91531 12545 20748 76214 29759 221 48534 84852 5643 79172 62628 97243 49683 98590 96515 30529 35018 50829 28941 22668 3332 59133 90697 78347 1685 1711 25778 43111 81648 10539 83331 65763 45991 57341 
277 153
24983 92981 26101 99787 95150 95753 58155 12382 42345 14945 80708 97701 57082 51049 26668 22947 98212 21129 20565 80219 9305 72959 30135 85770 82521 41440 18028 77367 92338 67923 34459 95140 19100 91453 80762 49626 27234 26242 10357 71323 85931 366 44684 8655 91163 532 31404 85411 58290 60922 36807 81570 97311 57079 24655 70907 68961 80014 89860 4916 48789 71376 59667 51766 47339 15093 6590 46546 42794 87584 60283 97429 20720 24020 82593 58727 97668 68928 60041 87007 84588 14158 69116 57902 12829 78668 26708 47910 45603 62333 87244 53803 78723 74144 73182 9006 60263 15664 84522 33839 9052 49708 71147 59565 8840 45866 43365 12128 73558 87652 30386 11917 38729 94999 21871 91495 20754 67927 73389 13226 34828 77629 55194 25447 76740 56890 55318 91648 10706 86561 25124 99046 42972 66211 27735 73552 66669 99524 99286 54500 76541 80778 59064 63879 33931 95082 19264 52775 72450 55466 8280 67523 67591 
475 298
48755 30100 49998 35409 54764 72788 18329 87814 41594 50977 28151 41377 7746 99608 63137 63509 53294 19335 79260 46376 92924 2027 69377 34670 46820 6132 37809 53598 72475 72945 64920 10923 62025 51912 62184 84378 26143 63962 99136 11211 73270 25170 62945 15198 12653 59413 93785 77157 84793 82391 96909 48071 89612 21721 43449 98279 52577 89839 86194 18548 71224 25256 88066 57870 88422 41677 81763 31141 79381 13148 69294 11585 53425 50425 95043 41131 44156 23378 21735 96438 51364 24358 74155 40920 50071 67839 85304 92164 75956 99554 4023 75954 51023 16581 49700 53897 46965 86513 22964 56120 80798 75339 93459 30837 53243 9329 85881 42688 53738 32469 61744 42373 55357 83923 89449 32197 86305 68865 51668 54624 88535 46788 8899 22278 30712 27973 33823 50057 74612 41424 26395 46672 86294 99679 2026 94055 21325 60035 46381 95006 30146 81829 6118 21234 46754 51887 36229 62815 1658 92683 6037 82121 62204 92819 76993 97710 28146 47098 49597 4160 22020 87643 42819 56578 18487 50464 91439 54359 79784 93917 6459 75637 65155 90670 67907 90941 39666 52968 55551 13205 61071 61715 12223 27305 54173 11843 1553 59746 53148 58734 41269 2905 21564 11097 13874 61946 45422 92951 78679 35467 10701 40238 34181 6431 549 38691 47183 49845 4458 72188 2412 65775 97048 7133 40659 65021 87947 43261 27296 57330 1291 17937 54277 30612 49891 76031 91731 85786 64138 21070 57694 82588 81565 77112 27047 92150 34575 78760 2322 15881 77616 1930 36635 40042 87309 24033 58992 21739 59522 85639 61573 66187 7225 89109 65543 48572 88285 32208 98483 76663 97026 81748 22344 54680 66155 81597 68392 7519 67577 17462 65507 67755 47129 7307 9452 67571 26857 21008 27860 70593 67010 47866 33659 42385 95174 97131 34899 10934 94622 89849 3041 92163 71678 41850 47481 48039 56466 35715 
696 284
19734 39164 91050 86647 38260 58755 130 89278 28920 12319 36602 99410 51874 29212 85057 54016 77170 76112 13654 8592 80804 38894 47915 46499 14512 18003 75844 25651 56178 52238 84819 89887 22182 97033 7999 90620 19937 27465 26542 34176 90247 14977 26301 34183 8304 17712 66142 28921 9685 53489 95792 37943 76193 77672 27248 34801 93801 30240 50987 58318 32737 3868 29563 20736 80323 28141 41180 69111 85668 27026 84505 9617 66348 39478 84875 48424 47226 28236 35889 69516 55327 26904 72030 59623 72411 84313 32978 20017 95776 90294 64448 84504 77094 9752 4093 71412 47661 72106 68565 54871 66513 94410 97976 80314 52003 87591 1843 93812 94606 8957 59029 27456 71150 53094 10232 46697 25483 97851 60091 56261 6900 74040 80170 96219 61557 5062 50665 6904 64343 88331 59140 57895 68663 84282 11730 24576 92302 48725 44806 33801 47877 70549 45495 23633 59856 62275 26504 56034 82665 50247 31765 27985 32992 93019 79273 45831 71034 29084 65604 32655 44986 43861 72232 91269 13493 90185 29496 67829 83722 39791 19176 2047 17861 49655 85663 49134 16776 95346 39348 53875 24135 51723 20975 32800 45311 70789 7568 43938 23152 57063 30666 16290 43996 1473 41742 23769 97901 76879 68829 66259 57776 37451 72291 19900 44663 38339 4227 52494 72230 9040 98190 83258 77502 52276 17923 5781 47985 60690 87799 90101 87124 50668 38131 52658 14361 48262 74119 40150 69964 57631 85614 20575 76133 64575 51973 19476 84242 25073 40522 77433 9845 93902 1438 42539 21329 54096 81744 21602 27352 49754 10394 79151 74613 11668 59835 88390 2709 42166 70829 27419 23750 50468 1451 168 95839 22635 5634 17665 60900 1814 36243 17337 26806 7613 33057 45970 4373 78979 94681 41825 65617 10668 7188 11129 
3 136
95207 42871 97814 54174 43225 16003 75469 58029 83803 21553 3441 14297 58353 18435 57108 10918 93333 57479 83466 66113 68437 54841 70555 48486 42128 81702 36759 67278 27695 59104 21200 18151 84615 44377 73624 82935 35886 65786 52580 99447 64947 80309 50847 59966 89308 63000 56357 59357 11266 37342 89820 39257 97028 29482 71812 91331 81346 46044 30058 39828 58013 40669 49288 31286 52245 3433 16930 57446 31385 23645 62652 99576 58135 58996 2672 8942 96556 61546 62252 60957 34005 94767 36317 96173 33433 82950 67101 72141 46892 49109 87863 77965 16606 32724 81436 53807 15600 53186 89708 99439 91140 60005 40647 46022 12313 15783 14165 58173 22092 33851 90174 8265 26969 67221 46298 2044 53018 10564 37300 4680 44217 72235 44756 92469 52652 39655 10713 97069 47721 50474 72246 83251 37991 29278 70219 4901 
700 268
37253 96361 64661 6100 1968 31811 49200 22813 80385 41526 1399 9447 27095 80962 53586 70166 49386 74842 68479 36532 52762 36798 10477 79396 84205 96246 35499 70945 10787 58298 6279 98164 55850 58133 21133 90023 66678 19401 89291 87354 87319 81352 87490 3796 86901 87582 84636 946 42293 97746 70119 82467 2028 54044 10821 92053 32834 81082 96201 93418 57442 56522 59776 58303 97932 88468 21810 36506 8283 48895 40350 12326 71530 42282 95470 89808 83316 78354 90055 58046 34997 26871 73229 5453 96110 30551 72782 62186 86381 97518 19424 79496 69038 77470 86754 68355 68467 78628 82055 24830 73101 71213 25093 97875 28385 16422 67661 38478 93226 31136 35392 30520 12590 35648 93131 16286 83485 24477 99423 41122 18169 83282 63485 97920 22417 81216 92406 4790 87182 1403 35307 50063 83564 81364 32719 93939 61449 58566 56406 35826 24509 39259 76551 60472 61852 4849 69593 78423 79347 75245 71100 99105 1646 28254 10431 67378 75531 24807 98944 18023 77991 51311 86325 3836 84725 23542 69196 18439 20899 43409 69095 84597 30157 80367 460 563 42825 13862 15537 7926 79585 23623 32588 82445 63164 16138 69862 81167 57874 99058 67090 71111 3882 80998 5148 93850 79704 57698 61697 26985 2242 74022 81195 45052 84939 75006 40285 41993 13234 15037 3525 22943 89690 83833 72588 17054 76948 6060 67349 34888 26495 92176 49042 81061 34250 57611 8781 3761 96498 98296 3263 20538 55238 79624 11275 23396 16283 80150 40383 7555 95104 24732 72005 1729 22144 47545 7854 91883 4590 16684 3231 20665 28570 70417 47212 46197 2363 29687 98852 61729 72987 67330 1724 54661 26796 98727 62639 46243 
220 262
2198 64424 50090 27077 60758 811 26111 99184 36737 58792 83498 12330 11057 57216 16647 35327 63215 11603 20515 53273 65627 2789 50732 80378 65180 76860 18116 44729 72348 70832 49549 27525 54596 77287 91492 95702 90171 85747 83211 98793 94732 11388 99 28391 89955 80621 42949 4842 43574 34466 12547 19364 30680 99106 21782 71294 73062 31240 40447 72946 3497 1431 8990 30822 16535 74755 9765 27582 22672 12115 78855 58493 87211 34831 73737 80002 80495 32167 88211 58858 83168 53009 94370 97878 55899 7790 89536 2334 86045 37902 70141 26751 27411 85327 42815 6567 83026 24940 79024 53528 54684 44212 92914 34452 24777 65589 54052 70062 2405 68139 47351 25058 58824 99451 13500 91729 92149 31217 93187 40011 88888 70733 44553 93652 79880 6700 97123 24842 48029 73993 21116 54005 32162 2919 18622 63417 42196 64143 11324 72731 4148 77481 51256 20960 64872 24607 96321 31460 71081 37726 91834 2210 99164 343 41910 29493 83690 66580 78492 72729 21664 64207 42283 15599 13475 26647 79170 43945 31944 31196 6618 27976 14399 27703 84396 20829 48442 20936 37833 28037 28292 86332 21029 31769 27074 3811 72435 53053 18160 80832 37260 4176 36533 26434 65845 87427 30600 53507 13247 76594 14867 70072 62201 13704 55912 68093 35211 20727 43184 87722 81892 54528 77362 61247 52864 87726 70893 15826 43412 34540 15055 93467 50637 86937 68465 61261 55907 52630 68231 89553 55524 20036 84667 45522 53711 49021 5479 6359 39941 72807 38926 71175 58118 49954 19568 1994 41649 44675 93971 38357 90469 20946 64371 44699 81018 88755 77017 40346 36019 528 72540 25282 
598 250
11412 45258 29857 32741 86171 80328 6765 38952 36754 30711 74466 44003 14674 35981 65616 88749 43115 32390 73299 59564 72902 95381 54094 29601 65239 61067 23695 53487 63122 96182 79187 67930 48933 63995 76482 78687 99637 40004 35999 30225 64811 60358 2616 66789 99516 53893 32475 29943 99596 92505 78148 40135 70380 99690 30679 74200 91327 96060 70726 36330 8676 67255 26497 20669 47794 23446 84261 60731 47291 41720 22610 87174 2471 51242 17107 10484 94181 1545 98734 42659 86377 70580 74335 22645 90255 57287 55175 70478 17185 80424 2447 44323 6072 65634 20778 11219 81265 50824 87825 89634 40209 27821 15590 82535 78249 2916 45468 9828 55693 13891 28049 68962 88977 59417 67208 66761 94161 28730 36513 33055 82896 55337 88420 75649 43798 69605 12267 12610 26928 8134 47202 34944 4984 17213 63286 54311 33457 53369 65122 94253 62325 16669 26362 27403 59079 6481 35815 95749 90817 3466 32625 4551 2174 84523 719 85585 43459 94507 99541 37893 68753 26737 25900 39325 71251 86607 4871 95121 59520 83093 79382 20789 13349 60715 88322 68974 65420 44915 84871 84513 4143 13942 8744 82802 63801 65737 14784 38009 31576 36082 44634 36409 38273 5002 77085 15530 10881 43133 54396 83998 99059 27918 64100 29673 85886 30739 59547 76756 64401 59512 97791 21379 12444 74544 30899 52629 38073 12595 51590 60314 71790 74686 27665 54527 20016 1654 5407 5758 11823 67175 87353 96377 55697 32137 44604 65744 90849 97817 4673 15039 88897 14737 24960 80836 40803 9411 96146 35701 85296 56850 
325 242
6419 93871 12099 55807 56977 75075 8287 54730 22981 81419 17689 96165 55834 63743 82885 64096 42769 95917 19491 5837 26207 10289 39019 42961 4112 31001 2463 15005 47401 59648 82943 16665 25733 56841 2291 44119 7921 60213 12761 51167 273 54439 26677 76840 23797 65100 98856 16187 37956 42494 12973 38848 56509 52195 18013 24690 89340 35439 91590 58949 73994 50149 27725 71215 74183 60551 95590 3053 51788 24585 52274 71009 51581 3567 39013 88028 20680 16029 60605 19379 77578 19435 90926 87873 41200 92100 53399 51309 21529 987 40807 34836 48331 11887 89362 23887 28613 38775 58667 63197 58666 61722 67236 46823 40405 58207 76102 85357 16882 73718 38720 16628 89704 25237 61224 15738 23913 60342 40617 18150 23666 20143 18549 47883 98173 41957 63955 88050 9080 63192 35177 17331 21060 72817 79001 78256 81252 5468 41353 70991 2441 96757 42584 24067 16480 82566 6518 58930 90759 20025 98062 78822 7229 3983 40751 32940 35192 71070 98270 85175 85173 51264 48328 95030 93691 8816 99381 67303 22209 54351 3152 64357 25498 81914 37895 68651 45718 16443 32079 35128 21518 36313 57187 68995 4162 44085 82221 45919 47078 95493 63907 85034 13679 36658 94683 4219 88911 46299 43046 45606 29713 46051 42225 53101 60734 22351 2659 69888 93648 18789 76787 12978 79707 97044 2876 81931 66197 95012 65038 60834 22388 28271 25257 98111 94499 76410 93934 80819 35356 26416 73725 81722 60998 83535 42906 2901 99695 3084 81058 81628 30617 16411 
956 114
76904 3116 24021 5674 98295 74817 62676 50619 47195 87849 25288 84152 62859 88647 28875 64252 32945 77011 16572 12490 49690 78082 9626 80009 3500 49173 11897 36907 94749 9361 64515 47881 63289 93085 58693 95217 61872 5739 82182 36846 69697 70843 97145 64077 496 3521 74395 35066 25668 23369 68163 70164 80408 25886 13329 46783 58719 11337 48577 17487 62225 40718 9427 40713 68706 98777 63207 26198 79010 46869 49196 10421 47751 1196 47346 103 62894 30288 18514 50043 89441 94022 18145 983 63788 18826 21337 85626 39285 53468 62519 65243 43637 81276 98170 71887 4047 39830 33614 92274 88840 61526 24301 30910 72491 25395 48196 1475 49049 96068 27969 621 48274 49502 
298 214
84578 50023 51566 21786 84440 87866 61757 86350 94081 76912 39007 87867 64935 33726 61321 82255 36339 46959 79350 82701 41800 94278 66574 77845 50500 19651 63448 22798 55497 27804 33419 8463 20059 42227 66290 16141 53628 88148 443 33317 9407 63988 30243 94754 62671 78068 85197 35491 63628 66533 99738 7191 33894 34051 9061 41520 24971 93165 49393 77958 16352 2963 82989 79111 50273 99838 65301 35349 51476 28699 7997 85507 58171 11957 66810 52801 68520 83524 85742 27683 91153 71544 79250 63130 67415 7938 3601 3040 25373 4581 16771 52028 90320 34244 63086 11466 78080 87298 20889 13274 94951 70551 58454 382 49177 73924 70707 33619 64714 45050 39026 41306 28124 70680 90892 96019 30614 86072 38457 75171 46724 10091 65179 13884 47290 42400 86268 13519 78263 58376 96151 85359 46165 97775 46704 73773 36944 23338 1893 65277 51742 57566 82095 59853 22867 37282 48300 55109 70542 69967 53674 86347 5728 37556 12452 91767 42577 11018 50851 14931 16904 99542 3949 80340 45736 84713 50529 2214 52546 7286 68743 67953 47935 73239 72897 469 34546 23079 69113 60415 93535 1144 75207 81411 93873 18551 29802 70003 10501 61062 34336 82227 4437 81064 90556 27583 48968 32557 80263 55121 33006 82875 4511 41842 64707 3223 93312 60766 46881 7488 53573 75765 21524 42396 
99 101
48688 99864 96092 63529 86168 43262 9003 53727 38493 11039 32252 60788 68420 24138 26703 63072 15734 60332 98784 63256 99244 86360 90281 5655 99854 85833 22816 52715 33111 94458 61654 31520 52724 92540 52401 6464 45134 94325 377 27344 18314 36923 89981 17419 82835 40875 42434 81179 61410 4063 31415 38766 31545 88351 86351 92667 94707 78817 60361 10910 85959 19418 37111 5566 61128 44365 1375 75947 67462 62009 78069 11310 30995 58934 95505 25752 9597 97348 42249 1169 62057 65253 49812 23562 28846 79791 42740 24579 41505 85406 2683 47427 96733 79415 1364 86654 60418 26326 53041 97336 10182 
594 100
77811 24856 95675 8910 13423 94120 99743 52301 1667 25255 54035 68634 94007 21682 94633 17932 6181 58851 18504 11379 63867 60881 47755 65898 82351 84312 92275 29339 28216 50310 1116 20268 21533 20404 45335 33848 59042 81581 12199 97000 1932 66330 37433 61977 90045 61469 14783 3123 13144 37303 56314 32342 30108 12923 29197 42607 27713 45910 82212 91735 92244 8702 47132 5887 72382 99093 25427 77113 99765 93098 22546 24110 60819 17564 20269 55712 77762 87421 92386 24457 72893 79587 22653 23921 33437 59595 22294 2793 67752 98941 80022 19944 9032 16578 11482 61864 38400 25491 5438 81293 
210 97
44394 41228 80799 59762 98700 28809 14593 90206 67 72891 96573 85632 40628 27024 60019 33164 54666 11441 61488 76892 88894 92334 7589 23297 46511 14166 47824 45043 52810 33126 3982 18254 63945 87807 23612 93542 63511 42754 25939 338 8458 55341 48880 47984 23735 38825 2685 57020 81610 32170 8063 44707 4212 24643 65955 19910 6790 31177 53962 44486 36917 53825 54036 88348 74882 42836 37866 35452 48634 75088 46674 99831 11909 90619 22713 33251 46778 86590 36605 68154 65300 58788 24189 25973 71381 57177 44759 52806 67884 7995 26818 73026 2725 49143 13289 1927 85606 
972 192
77091 8296 9712 37503 87891 60255 9545 17177 19927 67656 82336 874 84951 86454 9157 87323 64859 45423 10165 28256 26952 20671 42865 27410 89547 72161 82319 73411 63754 17694 78177 74329 34605 52664 79767 86809 1460 15618 38210 85765 5868 41343 72792 89348 2760 24558 29799 35686 93825 48894 57404 38646 81310 62306 6338 61940 48625 36087 30973 55922 3323 70503 80911 82683 98838 26881 84088 36378 43589 57653 74850 82086 65574 72425 56665 98959 89352 48305 78969 20422 9714 10019 98230 3698 91126 57529 57681 24636 22440 32302 3985 36553 26638 21694 14787 90944 11707 32429 86946 87397 7074 35053 52268 19173 78329 71592 72034 79371 17582 85691 99396 91929 12093 60768 94115 83635 14322 62812 94054 45116 61576 88430 49241 36742 43344 94982 68724 11531 19930 7413 14032 49712 42150 69283 45361 96339 34312 12475 38049 18161 29691 99142 16967 27642 41225 65729 8181 60402 94490 95510 91567 85841 2372 503 72245 49022 81987 87015 23730 94677 18703 64391 46293 48936 74640 60954 6663 54201 32734 28507 91956 27184 13119 24313 97392 4440 31350 20902 83745 55023 7606 49309 55038 35570 91276 96447 40283 12820 43185 20303 10508 74574 
373 93
99636 9005 6887 26054 85504 81102 58891 95528 72914 48238 91631 12177 48860 25789 32368 29000 69355 63613 43192 75833 65371 48348 42793 36955 33190 51705 66065 94661 81023 92757 48660 18956 30502 2977 78388 45273 68551 83257 59907 26954 83605 65396 3704 73714 90572 49167 34185 33130 54844 66995 99187 60353 67292 75655 81039 6553 10853 65172 79203 64588 47222 72052 14578 88997 6341 75723 34565 39121 55678 31852 34912 70205 23836 76290 56295 69920 36218 25845 78771 82247 98034 96136 64102 44134 14317 99963 51330 27928 37024 85101 54949 88962 58066 
182 170
43202 31754 47492 84019 18920 2533 88137 90681 81076 88657 75368 17136 43478 9478 28051 67250 72864 33983 26061 56642 74298 14146 3633 13925 13664 46467 59545 91603 24048 20243 73610 71403 73642 9467 73582 70410 87545 29499 37416 43392 8093 64234 14734 40475 1594 60143 74237 30114 86856 25001 96514 37727 77154 51610 34495 81933 15299 23957 62760 47623 80890 59169 80811 62585 8438 86527 64423 38650 29674 94889 18508 82456 65939 68749 3316 38471 59454 46859 29116 75472 39172 53540 88480 37318 48818 63481 96260 76965 62955 60389 43 76802 60706 43744 13102 2220 26733 40222 67645 26001 51504 44952 32877 91506 91979 90869 97467 31768 5866 19602 69678 92812 31596 66470 91719 21359 75318 68290 13550 53623 14244 22604 68860 86548 298 48554 15440 89462 22307 33896 49387 78856 12165 74771 46866 42157 96625 65702 94878 57853 9895 88332 48721 91459 46571 90227 76037 68297 49076 99846 53930 44783 27158 99899 45019 12201 31534 60722 40158 34709 59377 68702 80094 67835 92485 31297 93820 86699 79562 77639 
77 79
65553 73758 26683 72800 30094 92322 65368 15085 85719 44768 75251 13317 46747 98156 63684 63062 60095 19105 77585 65366 96263 76223 51265 54691 46115 6219 38277 84551 47192 18713 68550 44116 13977 33978 39722 2462 22688 71433 47594 95515 41443 28978 55766 79747 2490 33250 37074 38174 73009 35262 88438 23233 28811 11161 54809 72935 96993 37031 2236 44735 92883 75130 24948 93293 1400 47846 69209 24977 5530 7683 29326 7945 22611 76119 50636 74093 80107 69222 7751 
705 140
25246 82526 15966 20442 67392 45118 74639 689 73388 58208 74506 73672 61786 83805 86603 41612 44350 39683 43076 44333 5746 75415 31667 97919 35126 5749 1782 43326 18196 42367 17858 40214 85407 18686 24792 66577 70654 45670 74468 29625 8017 51444 39398 62101 18305 89002 13671 28557 24223 75714 21669 38870 40321 58704 97355 54065 61317 73309 22498 27748 74604 31670 52005 97312 85107 43334 81552 67235 12047 63085 33701 94761 15404 671 52358 4931 4390 89206 44608 69908 21166 82348 98744 14168 34429 40585 92575 61053 22399 79327 17276 77792 63573 30601 98754 23045 16623 12057 53679 62285 29395 61862 81307 60134 23982 13640 70769 45634 56650 58146 92902 87390 22598 86367 54747 55091 92533 74174 45104 83920 62872 97115 37896 85460 33618 70291 13264 11120 85926 17248 15220 8313 61643 87599 30096 96502 70844 60464 56333 39300 
938 64
45622 78384 35364 98363 42645 23309 14383 77309 89995 6197 69300 48271 93697 99874 68996 77830 4891 73405 33819 99535 43875 413 70603 27515 48201 72650 46922 53401 30934 39839 38562 21631 35996 52227 38156 44031 5913 65890 41857 22464 44808 37599 4469 31139 91601 4749 85875 74249 13300 86552 48527 46464 9575 23253 82195 55726 87443 35867 43781 92307 17521 68383 46785 49622 
858 58
92074 83340 88670 50524 19269 59567 62710 85433 59043 70289 12840 18210 49579 8343 31033 33970 91848 25792 71906 24376 41111 46894 42338 48488 68461 78742 45839 67827 36694 3778 1741 4557 71509 32896 95370 99575 47373 82705 33069 21910 10809 92099 60730 70157 42929 2931 42844 41895 47095 12555 97756 60974 55710 76773 47961 75997 31085 17256 
745 49
70524 77945 70812 79188 44812 35388 90292 24411 68593 73251 46097 58707 90601 78261 69371 88654 32599 72017 36241 28114 96224 26510 11683 4786 17290 31912 14175 14718 63265 84526 1464 21440 99553 6321 26019 89455 18581 97201 16687 51399 66123 98013 88828 27140 29894 21168 62798 55552 14029 
28 80
94988 89912 3247 29589 97677 2400 50221 71187 18683 16770 65789 8932 29901 17594 92264 92459 46587 64667 50268 43862 30515 85889 86964 13201 21500 87780 20486 7734 81330 17584 30750 956 99507 47959 29042 69324 44455 50307 75419 40733 96444 64697 29888 44211 23815 92839 58542 2300 71675 52613 4492 20067 25581 76986 69448 14453 39064 41598 70751 13678 2974 72410 35580 98724 65445 86920 21568 14444 15545 90531 5464 3148 62938 26976 23923 92089 32498 2639 40754 40121 
203 70
57527 6670 3945 99601 28779 33273 75817 94540 66752 66431 75812 10288 31615 15581 47911 37570 95410 53846 10219 66312 59326 4105 14313 43488 56098 77515 61931 87757 26350 64084 31396 82447 61172 88860 10887 89080 44384 89267 25431 71477 76172 97217 7520 19569 566 5915 73709 45880 34859 99016 14433 54757 37462 78399 989 54376 64051 56003 15050 86060 91972 21502 14009 43393 31953 39990 44877 62543 41167 31556 
8 27
39123 81498 80723 98639 36263 95679 68750 95311 1787 32146 94549 26499 84529 19465 29457 82842 49133 15766 71153 78220 41030 80118 45945 37171 79418 76554 7774 
467 21
73120 71462 61013 19924 61995 15611 2310 48977 13601 80016 7879 38144 59957 36278 49319 37544 80393 7210 87523 35136 86623 
691 38
45863 55924 33134 72857 16380 76095 27971 42446 35361 72391 22215 51011 82491 93382 26726 48395 3294 46326 5611 36425 34933 68293 33467 26927 23165 28922 7897 42723 58839 71582 21685 37450 24175 10011 75115 79280 32635 41470 
297 24
24998 55622 26863 45617 70953 43342 678 24908 92938 51683 59433 84822 18752 23791 19040 5264 38134 564 26237 98914 22302 45671 837 94229 
157 22
41326 39988 53608 66296 48698 22957 81000 53641 17964 35256 15582 34269 94692 30602 84686 27481 52690 87878 34930 67896 57728 43545 
627 4
94656 11962 46707 21027