59 1
74 1
188 100
175 78
14 69
28 121
171 122
182 35
79 1
180 5
52 75
129 65
34 33
4 123
170 31
87 1
162 115
120 56
78 60
126 1
182 2
77 29
191 52
155 1
9 2
89 3
46 119
71 6
151 18
157 53
117 70
196 93
102 88
182 122
43 112
194 56
87 99
41 2
151 31
24 87
17 26
116 89
186 88
143 80
189 65
69 2
98 90
26 87
157 1
157 3
164 2
169 32
134 54
44 10
105 60
158 2
126 99
179 119
178 18
135 103
191 2
54 40
176 106
191 48
89 1
45 2
104 101
179 2
43 94
124 84
193 88
15 69
32 63
55 3
76 31
146 117
53 3
74 3
170 33
17 5
33 105
41 17
175 6
178 101
96 66
159 40
170 72
102 6
178 69
178 4
30 73
98 14
194 52
97 15
153 84
29 5
9 4
99 5
45 5
48 5
105 73
189 115
98 5
44 6
81 1
113 6
76 4
48 7
165 155
129 1
9 6
191 4
105 25
78 58
86 7
130 27
177 78
118 47
49 16
171 61
188 106
178 30
171 75
19 8
21 67
21 8
115 12
158 13
181 27
69 4
100 7
41 19
60 8
79 46
50 55
120 60
74 63
35 31
20 21
83 1
43 85
5 100
133 58
116 8
150 19
64 1
146 18
120 67
77 51
75 6
117 24
20 116
105 51
122 60
88 112
113 8
155 8
34 26
18 73
92 91
188 73
110 17
66 114
78 14
126 13
33 66
133 40
194 95
148 6
142 54
147 57
95 67
174 8
65 16
122 56
164 4
192 5
76 1
103 88
188 8
133 111
11 9
16 80
77 80
6 104
195 5
12 107
103 111
192 82
44 86
173 61
186 90
128 2
177 32
45 9
10 110
110 101
189 106
27 81
116 47
36 73
47 9
70 48
192 78
118 90
181 69
51 23
167 3
44 123
79 3
89 112
106 123
122 123
187 92
120 9
75 64
135 9
124 80
157 101
142 94
51 22
144 31
98 7
6 10
116 10
136 112
14 108
174 10
15 108
108 55
190 101
21 60
103 64
65 46
60 1
65 120
172 6
188 78
21 100
121 38
55 5
147 7
181 101
107 123
32 8
133 105
68 119
106 17
41 44
120 13
156 105
158 107
97 62
33 29
120 184
41 10
54 14
9 130
67 32
56 6
175 107
145 40
191 10
76 28
61 11
175 11
95 33
42 128
23 12
11 91
32 89
90 112
116 80
196 95
23 21
77 12
191 8
63 93
162 11
59 3
13 10
48 52
63 11
165 2
49 3
141 74
169 58
195 3
17 74
192 9
192 40
3 91
90 8
119 108
180 117
73 86
137 9
29 118
62 3
106 13
17 7
91 133
148 18
155 2
73 128
49 14
192 52
110 55
76 96
94 81
51 14
47 110
157 14
171 7
65 11
108 113
111 110
133 38
64 14
61 188
74 89
5 25
39 15
155 4
109 15
27 87
55 7
42 15
181 123
130 62
13 88
4 26
3 163
193 2
180 94
166 2
35 32
180 119
8 98
55 15
147 64
147 19
164 6
137 110
184 141
61 13
7 16
189 73
156 13
7 26
190 106
79 4
27 116
71 71
150 9
162 74
68 59
77 16
70 91
109 13
12 85
38 53
99 12
78 129
120 15
65 6
100 150
4 163
82 50
161 96
79 12
22 16
62 6
150 16
139 14
12 108
176 16
104 89
81 49
32 17
23 65
84 17
188 10
133 42
43 3
106 77
24 19
145 17
131 62
145 36
188 88
29 163
77 59
138 91
158 18
38 65
30 66
183 53
169 18
48 110
145 29
171 53
35 75
64 93
141 55
14 118
161 75
115 51
123 56
34 148
36 20
96 32
78 102
187 18
135 22
51 20
140 80
55 16
108 31
109 86
54 75
92 93
162 36
193 96
110 57
137 20
61 4
20 104
130 1
190 18
147 75
32 163
5 29
6 25
86 17
178 16
88 94
53 29
79 2
9 11
96 63
162 130
31 118
66 40
183 123
168 65
20 17
36 149
132 56
34 76
174 52
189 21
86 124
97 52
195 56
191 21
107 58
84 29
54 20
172 31
67 46
127 52
33 88
6 102
188 66
155 3
17 76
100 5
6 22
48 163
152 86
77 119
106 59
91 22
53 41
137 22
13 72
18 115
53 23
124 89
147 102
55 23
161 124
122 23
21 9
53 100
79 129
13 24
13 70
149 6
21 24
87 18
154 89
52 32
62 97
170 21
87 3
80 129
26 16
99 24
50 77
155 5
84 19
113 24
41 88
182 25
141 56
45 107
155 14
123 26
28 26
186 141
53 104
129 26
133 56
28 79
167 26
141 174
108 123
122 25
126 8
14 48
177 26
38 27
41 4
98 67
49 27
138 100
179 31
148 21
28 72
156 15
9 102
49 109
81 88
70 50
168 56
153 52
113 26
74 27
168 102
8 12
105 127
110 188
116 51
92 109
125 79
136 105
93 22
28 124
69 119
128 188
182 29
84 27
150 6
55 104
177 72
65 19
23 24
148 64
197 57
83 77
33 52
30 75
101 27
105 64
134 105
22 32
54 55
64 7
45 110
169 47
51 163
119 104
149 31
1 95
14 188
28 16
161 42
91 92
139 91
23 67
91 120
175 102
192 32
158 41
56 20
47 119
145 32
62 8
102 7
62 188
148 77
178 92
126 3
168 74
185 89
91 110
119 57
10 6
78 119
178 120
173 53
8 114
141 175
97 110
170 26
92 120
180 52
32 19
119 184
179 19
62 163
172 65
189 19
14 67
39 65
102 24
43 98
11 40
90 105
103 27
125 84
158 110
180 2
148 90
75 102
115 27
30 91
79 16
131 57
31 33
126 84
176 20
95 25
70 120
44 98
75 86
134 188
109 163
101 108
93 67
87 163
69 3
122 85
117 27
53 21
42 82
147 22
125 27
149 28
138 20
187 20
96 12
117 6
142 29
114 163
49 28
158 29
141 16
170 87
42 113
173 65
171 33
197 59
61 15
189 141
93 82
169 27
31 66
135 18
21 86
78 38
138 18
122 28
63 163
74 29
21 17
2 21
192 29
138 105
158 39
83 70
76 27
37 51
28 44
15 188
196 96
163 115
166 88
111 75
143 81
69 89
47 53
110 39
170 89
184 28
97 111
94 30
37 76
1 163
17 47
11 13
82 88
132 163
163 169
114 28
40 164
190 49
191 22
128 30
62 31
104 31
38 55
193 97
43 164
52 141
39 116
79 119
40 76
11 4
116 28
50 164
20 32
169 59
74 86
143 188
98 30
170 41
9 104
12 2
79 39
146 21
88 29
170 65
56 62
24 25
134 104
34 66
1 22
23 33
77 187
127 67
16 67
29 32
134 76
165 60
176 79
118 105
51 32
29 26
122 162
169 110
10 142
175 108
85 32
99 17
108 34
145 22
111 34
86 111
95 23
111 113
146 23
66 20
149 8
29 45
120 108
121 184
96 164
147 188
188 91
127 84
141 180
29 74
104 37
139 74
183 39
98 164
53 35
160 29
128 63
122 31
64 94
15 72
101 17
23 9
125 89
95 13
84 98
138 164
172 30
43 82
177 102
127 120
56 67
55 21
121 185
130 63
87 32
41 5
39 175
55 35
145 52
35 108
102 18
106 49
171 46
107 35
53 118
184 37
112 110
21 34
125 35
69 93
142 180
17 80
178 35
34 109
89 120
16 188
109 123
119 50
188 35
148 114
11 36
167 188
138 92
25 15
57 76
98 111
111 138
162 82
38 36
167 100
39 70
57 21
167 86
66 116
164 115
157 124
62 1
3 95
57 35
88 53
142 36
147 9
157 60
126 35
109 59
100 133
151 166
14 72
147 164
143 36
77 45
124 124
187 90
159 78
78 127
130 3
39 142
179 102
99 98
169 100
56 118
31 7
158 36
80 142
177 93
104 131
22 137
20 35
137 98
111 99
66 1
134 19
4 91
151 37
91 3
104 61
89 158
142 33
178 158
146 76
124 10
191 37
64 8
65 48
104 91
106 38
181 120
86 72
108 38
124 23
131 38
19 18
174 164
176 17
50 18
161 38
168 38
180 38
182 38
10 114
110 111
5 123
1 39
24 21
171 188
70 16
99 164
57 109
128 67
142 145
54 24
29 47
68 16
33 163
172 188
107 13
64 121
42 39
99 130
120 37
119 58
105 34
45 39
107 87
165 179
56 59
7 113
76 86
120 39
191 126
193 117
62 35
10 2
17 188
88 120
7 165
107 68
112 142
121 142
162 19
167 60
159 76
103 25
191 39
195 126
34 155
10 165
100 18
195 2
77 188
64 189
71 189
95 99
133 159
5 130
131 58
87 30
129 23
76 107
54 67
128 89
51 30
51 139
56 158
132 63
167 6
44 113
46 64
54 47
143 39
134 57
154 142
23 40
123 162
41 70
38 66
152 53
157 68
32 186
33 95
181 117
161 116
172 49
83 84
27 73
1 24
137 121
51 52
75 121
109 88
142 83
19 101
147 117
70 128
8 62
22 101
175 164
130 52
154 86
18 165
80 29
78 46
190 73
49 30
53 163
5 27
34 54
141 161
106 124
56 108
179 60
85 30
170 123
78 36
179 18
189 77
21 68
172 142
51 141
84 99
193 82
33 7
32 98
57 107
54 115
52 101
112 38
78 80
128 84
24 81
115 52
149 18
91 112
112 39
171 38
41 40
53 120
23 165
53 113
125 37
44 82
104 39
49 40
144 188
147 54
152 16
156 61
136 103
31 127
154 84
61 1
75 108
145 54
63 179
180 124
91 23
168 31
96 19
47 120
141 40
179 92
52 18
2 41
83 3
55 32
126 31
128 71
120 126
21 26
188 92
154 70
125 57
76 39
38 50
68 114
45 41
60 127
140 75
113 27
168 87
53 141
86 113
30 5
143 145
177 70
34 107
23 184
13 40
132 159
41 83
66 31
32 31
17 53
120 41
18 180
76 189
132 155
138 41
168 188
94 40
3 183
112 101
67 114
69 131
112 138
156 142
7 87
154 136
124 56
137 103
89 33
42 43
70 3
179 53
152 95
139 76
192 35
50 78
105 164
54 100
100 164
55 100
75 138
71 87
148 75
58 135
151 22
180 158
37 137
44 43
130 2
44 165
84 161
194 80
155 84
187 88
141 59
94 69
127 111
129 163
101 5
38 37
51 43
87 189
179 70
148 102
17 43
53 43
91 111
68 46
87 2
19 9
64 163
162 15
36 54
104 108
137 113
18 74
75 165
29 76
133 164
23 68
43 137
141 123
16 44
146 56
131 165
192 38
128 47
49 42
128 180
41 91
40 27
97 112
68 44
54 118
81 33
38 114
136 91
52 114
76 81
109 35
101 61
68 45
193 18
190 115
133 160
81 44
99 28
63 45
185 91
17 67
113 175
76 45
17 123
137 101
141 45
146 165
76 37
185 165
54 163
17 9
105 101
90 189
104 35
143 180
6 185
183 186
127 122
16 68
124 45
126 89
6 77
181 95
125 59
146 40
183 142
85 99
71 162
10 14
71 3
108 118
145 188
109 77
192 142
6 46
93 91
121 186
126 2
160 53
16 46
132 126
94 189
178 78
101 130
195 142
151 39
179 79
100 151
70 93
46 40
156 10
165 4
59 161
108 36
52 139
7 117
143 33
34 105
24 46
154 43
173 142
129 4
165 90
26 117
117 80
45 134
190 14
193 126
147 91
67 159
6 184
167 32
187 165
55 17
133 163
12 14
122 13
57 118
24 27
75 160
191 165
31 115
127 90
97 189
38 39
9 166
21 27
177 94
120 124
77 189
68 60
26 139
178 20
101 189
93 129
52 117
41 46
183 102
138 103
189 78
74 28
132 113
23 61
39 41
28 80
107 189
13 13
71 74
149 92
112 35
126 45
88 189
126 68
100 131
45 36
186 102
193 5
70 17
88 105
104 38
167 46
134 101
92 176
20 124
31 91
190 46
11 166
47 47
127 183
160 120
96 69
158 60
1 43
37 56
148 68
140 83
85 34
149 75
72 93
17 166
70 44
107 124
13 12
22 60
144 120
179 69
103 47
103 159
188 67
158 31
160 57
14 55
127 123
20 166
19 115
106 15
65 106
108 59
24 17
53 181
167 183
150 20
149 118
128 3
118 37
78 161
5 103
157 5
126 23
26 47
125 183
93 24
115 47
126 183
44 115
74 59
132 38
34 149
190 41
65 115
51 80
138 96
130 30
114 83
44 133
105 61
164 74
81 46
106 140
179 48
193 48
87 7
25 49
34 143
171 139
183 124
108 124
143 82
86 29
63 47
31 49
179 28
38 175
166 6
190 118
74 93
155 68
152 49
94 93
105 98
104 106
194 60
9 50
144 33
161 189
51 50
16 116
73 60
148 78
101 63
41 95
63 188
63 1
61 143
83 143
67 20
18 188
54 18
44 94
10 47
88 7
177 60
54 109
81 142
139 81
89 123
192 189
16 103
72 139
160 110
141 81
24 68
75 180
131 52
92 69
11 142
36 109
42 17
54 50
159 133
54 136
52 166
136 18
189 126
122 15
16 155
157 133
178 37
5 101
107 182
96 50
3 190
8 73
182 50
75 137
86 8
4 40
19 188
193 50
44 49
51 40
138 181
65 177
13 51
98 189
23 60
87 125
141 176
78 108
24 47
66 15
55 117
78 83
50 51
65 117
61 189
14 39
141 95
63 116
76 5
13 190
191 115
72 189
164 118
100 12
14 42
8 77
134 56
24 119
157 69
170 39
92 112
150 75
136 71
53 5
20 190
139 102
138 112
28 12
90 103
117 38
128 183
89 7
70 18
51 90
79 180
118 51
193 118
141 184
116 140
165 76
55 166
94 85
107 39
22 18
8 15
19 5
121 42
5 62
72 162
168 40
184 155
63 35
140 181
15 51
135 98
8 104
125 51
87 164
11 37
151 21
54 52
193 22
72 88
83 88
184 142
155 38
112 122
52 51
4 162
173 188
141 52
12 142
72 166
45 108
37 73
129 188
21 62
194 30
37 138
128 4
147 189
84 142
105 180
116 143
143 29
23 141
67 161
22 134
52 76
146 17
159 52
90 51
28 52
32 5
139 41
107 69
150 76
192 126
33 63
160 31
168 52
188 117
182 52
125 133
16 53
155 53
46 108
114 166
8 118
156 68
30 163
178 39
49 44
124 47
122 26
49 54
194 2
193 3
148 145
8 71
51 54
142 37
114 24
138 44
50 190
165 118
153 31
176 80
26 123
132 165
53 190
89 4
24 165
143 95
22 17
53 54
136 76
56 88
86 161
42 63
193 189
157 70
77 54
118 43
44 36
167 180
189 100
167 29
83 45
189 130
190 166
80 39
88 8
121 9
133 161
2 132
93 69
170 179
152 20
70 163
106 39
128 100
131 54
159 54
2 25
169 53
193 142
105 39
33 96
56 190
91 189
151 93
110 163
20 188
102 89
20 118
119 143
4 93
55 119
193 20
16 55
120 69
172 39
136 16
57 24
105 55
68 56
95 51
130 180
7 167
81 54
80 56
19 167
121 143
141 160
179 186
156 122
38 42
33 31
62 190
123 113
160 78
167 181
171 72
172 33
134 42
20 121
74 139
104 49
104 162
4 164
51 167
79 137
85 56
158 129
124 85
98 52
87 167
78 29
70 190
17 77
158 10
154 56
36 106
53 15
120 187
181 186
142 181
43 46
135 20
88 167
68 115
155 42
182 3
118 83
138 182
95 54
86 190
13 142
27 173
121 187
24 139
169 50
90 167
191 166
123 161
158 56
127 85
65 1
181 70
69 60
164 56
71 102
146 36
88 190
141 122
142 41
168 39
158 101
191 56
180 39
36 139
114 6
73 56
110 118
95 24
78 51
18 123
143 57
56 134
30 98
188 90
182 186
98 165
179 80
71 131
90 147
19 165
123 110
97 190
68 116
23 84
26 12
141 143
130 188
29 139
171 189
64 159
5 58
3 43
117 7
25 45
56 58
193 127
193 116
39 17
73 189
80 58
130 181
17 52
130 182
175 97
182 118
52 47
151 167
176 58
134 22
97 113
70 59
104 133
96 100
49 163
108 77
80 27
6 48
30 33
94 32
72 59
159 110
24 20
113 101
9 114
106 61
190 75
157 143
169 141
112 112
119 28
162 12
64 77
104 59
91 1
23 134
121 59
193 59
99 25
103 163
103 161
170 143
55 52
108 167
195 59
29 115
65 121
46 43
19 60
117 167
10 4
75 161
101 60
109 118
80 143
127 45
166 101
88 54
167 27
4 165
179 185
58 61
96 165
176 143
181 2
60 61
25 125
189 8
38 38
29 110
169 188
132 103
74 101
134 113
112 176
5 30
41 31
96 166
109 190
131 114
156 62
2 39
196 30
69 115
158 33
43 40
85 21
83 162
84 143
38 62
117 40
67 121
139 162
140 77
51 144
92 137
97 159
52 163
62 59
27 127
91 62
159 101
54 110
55 144
30 63
32 187
40 162
107 119
161 110
115 53
13 36
95 100
85 143
51 21
100 152
49 2
118 162
90 158
194 47
44 181
125 23
31 116
171 123
168 161
72 63
142 143
191 59
8 120
15 189
136 167
143 64
188 165
105 162
180 35
134 190
55 101
176 61
70 164
153 54
97 63
114 10
42 65
139 164
168 91
141 162
167 161
104 144
171 18
45 65
186 65
159 103
93 85
67 134
107 180
188 39
26 42
105 97
22 34
195 128
176 158
29 114
119 162
159 167
34 64
190 102
74 185
66 121
155 190
39 67
173 62
11 67
116 12
118 41
45 67
121 40
133 144
84 88
166 167
52 67
147 162
92 189
169 101
7 104
20 186
160 190
85 162
78 47
94 190
88 32
116 67
28 123
122 109
136 177
133 114
97 167
17 133
57 89
12 67
171 120
83 48
79 121
81 48
144 54
185 155
28 15
123 57
75 135
77 55
124 67
145 67
59 162
147 67
55 41
41 162
95 85
121 144
9 98
98 113
83 68
119 25
95 137
65 180
162 190
117 53
86 143
180 190
143 143
56 167
146 53
3 93
45 106
2 191
185 167
194 118
165 117
125 129
168 181
141 146
92 133
170 110
59 62
56 3
104 132
28 116
106 50
133 126
104 109
13 131
90 148
33 53
151 168
14 117
21 104
192 18
124 31
156 190
150 161
145 18
26 168
105 144
57 190
135 144
161 83
34 17
114 95
129 71
100 14
106 144
167 4
14 40
72 64
31 53
68 102
138 162
55 168
63 168
114 12
166 83
65 168
182 101
86 125
73 67
152 39
102 68
10 128
3 184
150 115
172 50
93 121
180 3
169 144
22 104
102 17
23 191
154 92
13 128
12 139
177 130
125 113
190 65
41 145
36 107
27 125
68 121
86 168
110 189
177 95
19 186
40 69
160 8
18 189
12 3
69 70
141 76
132 168
93 83
138 94
149 164
90 190
152 133
126 70
111 118
7 58
160 52
193 86
121 104
6 23
143 146
122 144
134 168
27 84
66 180
134 70
27 134
30 150
106 62
81 89
78 37
4 71
182 4
195 115
71 134
136 127
76 180
67 160
67 116
148 168
60 59
194 90
167 158
24 191
16 69
55 163
89 54
81 30
188 156
158 5
80 46
29 137
29 161
33 125
120 104
18 116
122 104
49 17
117 42
62 145
107 17
117 95
23 42
153 28
172 53
13 43
173 33
85 71
168 48
34 144
112 188
44 95
118 24
119 27
97 33
133 165
13 139
164 155
139 83
122 124
64 71
32 64
76 145
160 167
28 127
141 41
140 41
105 71
125 122
82 72
7 168
25 191
173 47
78 180
121 80
177 143
61 14
148 164
62 180
4 184
101 190
73 6
120 122
103 160
187 167
155 11
87 20
40 77
109 31
141 163
14 142
134 75
165 74
23 185
10 132
14 139
168 72
184 27
27 47
193 4
23 5
69 121
7 73
49 191
145 65
33 182
92 41
125 76
130 163
98 167
12 73
164 168
88 168
49 15
87 145
134 99
173 6
190 79
19 102
69 132
146 166
93 112
1 40
56 5
143 189
113 11
53 24
105 153
168 160
99 8
142 40
34 73
119 43
155 70
119 145
195 4
24 127
61 181
74 31
152 17
172 47
107 60
55 73
27 49
69 40
188 14
4 43
33 160
17 167
79 73
31 6
36 144
107 88
107 190
159 63
126 130
144 182
64 75
108 111
52 191
68 191
177 20
151 43
124 145
88 145
138 183
37 90
48 2
27 168
175 168
182 48
97 50
20 102
71 191
22 9
185 73
165 180
169 74
55 175
169 142
97 19
40 74
12 132
41 77
194 79
163 74
51 187
140 162
158 38
174 30
168 62
50 74
144 64
161 120
174 160
23 17
49 5
78 54
114 85
45 86
121 74
133 140
161 133
97 84
133 132
13 191
16 51
149 68
123 23
189 165
33 155
173 189
3 41
119 48
132 115
100 191
110 190
74 99
14 24
159 74
74 34
190 168
64 95
70 121
44 166
188 157
41 62
91 43
159 60
13 46
147 159
88 125
32 155
160 137
7 75
26 40
66 168
172 40
155 85
145 145
40 124
86 28
13 93
15 48
96 159
105 152
32 54
44 182
13 44
65 36
111 190
120 145
169 181
91 121
173 46
17 56
151 164
11 76
16 24
70 60
179 27
141 177
113 179
81 32
50 127
171 145
17 156
174 76
122 110
152 41
188 76
18 156
177 18
16 48
77 46
44 77
36 17
30 47
183 185
150 117
187 141
28 168
81 143
24 18
192 143
161 77
72 66
158 127
156 8
87 4
52 78
24 78
103 50
93 131
124 78
15 79
11 92
95 140
16 107
189 142
194 87
115 163
143 190
34 138
77 15
69 168
192 183
142 15
131 41
87 33
33 161
101 111
126 28
134 98
110 132
1 162
118 191
173 145
86 122
24 185
195 145
52 90
130 68
72 65
58 134
53 191
106 63
55 145
18 125
181 102
25 169
30 74
110 112
195 116
14 191
36 169
129 183
74 134
117 140
40 169
186 67
90 169
44 96
64 49
42 96
51 124
4 146
15 191
90 1
160 129
158 130
41 125
35 144
181 83
109 132
16 191
56 163
147 190
106 74
107 181
123 105
167 189
190 67
93 140
107 59
129 164
135 75
149 67
139 9
136 131
155 142
130 191
49 86
13 27
163 82
92 175
45 136
25 185
93 79
74 80
145 134
102 134
192 182
41 84
15 190
70 70
121 79
124 71
124 130
84 89
26 191
191 18
20 167
35 135
55 113
109 169
118 167
108 126
61 58
90 184
67 17
83 83
18 5
26 169
101 191
38 69
135 138
81 90
106 143
121 145
114 80
181 118
193 46
146 145
133 115
120 143
51 34
157 49
138 169
14 38
29 98
56 60
66 12
100 165
178 72
28 40
11 79
71 136
168 75
115 95
150 164
162 38
83 81
42 41
116 49
6 146
96 81
119 191
111 73
125 80
37 135
31 56
152 82
175 82
56 169
147 37
17 124
181 92
52 187
66 13
119 187
189 157
107 162
41 74
119 37
125 145
138 77
65 35
58 138
74 33
43 181
102 131
34 65
37 91
193 186
132 191
149 169
55 108
164 59
31 125
117 41
34 19
171 138
106 48
155 86
79 54
39 19
72 125
165 181
41 7
21 83
57 22
67 180
153 90
118 163
136 144
103 49
175 7
122 145
86 191
56 83
177 144
87 84
144 183
148 58
96 83
7 84
57 62
89 2
171 12
191 118
137 13
6 62
141 14
44 116
52 55
49 84
37 169
10 146
164 5
53 187
62 130
169 191
12 146
154 71
107 84
83 2
59 85
118 69
67 168
14 74
162 40
94 191
5 141
83 74
79 125
164 85
121 109
25 84
37 144
30 170
52 170
120 130
148 146
171 191
4 192
131 65
90 7
123 31
34 186
189 167
14 131
48 47
74 131
132 169
54 170
178 121
73 166
74 189
23 86
143 41
165 88
55 136
77 145
31 192
38 192
133 112
91 64
11 10
95 79
167 182
26 49
102 108
41 96
25 86
134 21
82 90
31 55
24 124
189 35
112 32
69 170
165 82
114 167
112 189
87 56
40 86
108 170
125 120
75 3
157 144
34 123
44 75
188 89
123 108
112 111
39 192
193 183
111 170
165 169
154 133
186 73
175 161
152 56
28 146
50 125
98 91
144 181
29 146
105 161
82 4
49 4
134 191
171 48
144 41
71 90
13 55
170 76
123 170
52 86
41 192
102 8
38 183
25 78
35 51
51 47
110 169
156 121
66 179
23 192
194 183
24 116
189 143
179 16
99 113
120 191
112 190
69 86
152 19
81 86
56 192
157 8
78 16
178 58
172 162
160 18
61 192
39 18
105 154
59 163
106 162
54 187
134 170
83 71
38 144
51 33
153 86
192 118
174 155
28 125
143 43
169 145
192 186
187 68
66 49
185 136
108 161
63 192
100 166
130 29
63 3
191 86
124 74
10 87
30 87
37 87
49 87
169 189
76 34
86 84
28 139
139 71
31 8
63 143
136 170
147 166
64 145
144 143
11 2
171 26
17 191
59 87
162 191
38 29
143 42
195 183
52 88
54 113
30 110
187 138
77 83
25 165
85 137
30 146
10 111
100 167
52 144
169 29
24 138
161 8
51 137
103 153
181 190
90 192
61 182
32 108
93 192
87 68
98 88
34 106
14 119
147 88
38 126
38 128
55 18
54 44
168 76
153 93
90 183
91 89
64 96
76 47
152 164
160 55
91 40
147 170
86 81
51 146
123 60
183 35
153 170
19 156
120 10
60 3
187 158
168 132
40 170
143 184
114 89
56 166
140 91
91 184
158 15
136 89
2 192
9 168
123 104
167 190
19 19
123 90
163 116
94 192
52 40
193 130
12 141
66 181
39 144
61 146
159 8
97 54
107 192
4 190
180 90
77 161
173 143
1 91
75 1
100 91
123 107
90 41
195 117
65 3
71 146
27 76
143 191
12 15
111 134
102 91
191 170
16 156
69 138
176 155
53 44
121 192
55 187
77 120
183 25
144 191
83 90
85 161
178 81
167 192
137 104
117 91
165 91
72 6
51 127
5 192
133 146
136 146
43 66
132 192
176 168
123 106
49 88
160 121
176 146
134 126
138 75
143 147
28 98
64 73
56 86
31 51
57 191
134 23
36 104
54 125
175 93
142 31
96 33
118 192
92 53
12 89
134 39
193 146
147 130
190 116
63 6
175 91
146 106
157 11
27 140
127 39
183 192
161 167
61 93
79 30
146 121
33 91
29 119
5 171
28 81
21 147
74 158
37 171
56 113
54 32
173 18
192 13
140 16
80 77
147 36
130 64
25 41
59 128
118 70
28 169
189 192
12 90
191 192
184 192
145 57
93 84
13 53
180 48
192 86
84 93
59 7
91 131
152 37
117 93
55 146
33 162
125 75
193 192
159 93
25 147
70 72
100 111
99 19
32 192
127 9
55 77
141 82
5 184
193 93
31 147
89 58
13 76
18 191
94 132
134 146
7 30
173 190
54 147
84 103
102 92
26 193
152 55
39 171
9 128
188 41
158 4
135 128
137 140
42 48
96 167
91 129
15 27
161 29
71 60
68 120
162 93
135 77
62 143
46 42
99 88
125 74
11 77
13 26
103 125
162 155
12 4
35 54
4 132
50 171
67 34
121 39
23 26
30 193
63 171
75 67
65 171
89 193
190 47
27 94
165 56
81 128
143 96
87 95
98 193
76 33
137 95
66 6
180 156
144 148
74 4
36 75
52 125
68 20
191 87
32 170
90 193
68 168
122 76
22 83
49 8
53 33
74 96
117 25
29 97
163 117
13 25
66 5
151 6
56 87
108 125
191 19
112 33
34 145
132 132
148 59
88 59
192 144
175 76
130 4
51 135
137 75
148 9
69 46
125 170
99 167
67 171
21 5
38 43
151 88
145 64
192 12
194 186
124 170
63 128
122 74
23 8
6 123
31 97
171 9
7 146
15 25
191 88
110 140
152 92
39 128
118 80
56 120
52 164
127 4
126 10
63 50
181 121
120 131
120 163
89 145
185 74
29 6
164 170
71 138
92 184
115 167
64 190
120 129
74 166
129 48
145 68
108 88
110 162
98 32
48 164
94 41
162 123
161 18
75 29
178 5
99 26
59 129
38 193
195 186
150 171
57 119
160 62
166 171
87 97
95 97
21 102
20 9
42 40
179 39
100 193
108 171
92 43
170 51
62 58
13 54
79 36
145 191
151 134
142 30
131 188
87 82
71 4
36 50
86 142
34 194
102 97
83 163
50 47
148 166
135 126
146 191
74 87
91 122
98 8
124 97
20 187
90 52
11 80
98 53
36 49
78 145
92 113
5 98
91 193
132 188
22 139
34 49
70 20
33 192
172 180
26 165
187 102
107 31
98 100
10 147
33 187
148 56
41 193
177 62
187 142
80 14
167 91
150 169
39 87
77 98
124 113
6 98
187 159
182 94
163 75
155 191
13 56
98 147
112 187
19 191
140 164
28 170
13 52
71 104
169 38
75 122
91 2
151 169
72 190
40 36
102 147
80 16
23 32
67 162
195 143
105 187
195 57
184 136
138 95
147 93
186 171
63 8
187 171
109 98
40 194
34 192
190 51
176 95
87 59
91 63
34 110
64 2
73 190
149 90
88 113
132 98
21 6
156 57
161 137
31 5
52 102
78 49
41 146
110 14
95 69
7 62
43 126
122 29
128 189
25 40
11 84
28 147
193 115
190 171
156 191
3 172
81 56
93 113
172 10
36 172
11 128
51 194
194 146
147 191
143 44
174 26
8 100
134 192
41 194
169 146
52 167
40 144
20 5
127 113
103 147
73 138
135 121
55 110
109 167
191 187
179 50
25 51
53 194
69 74
189 193
159 130
97 79
164 171
84 71
41 27
77 100
157 191
191 78
130 189
55 194
40 172
52 30
86 35
45 123
114 86
82 138
14 27
102 19
51 41
98 159
79 161
90 43
157 145
186 100
133 103
48 165
84 101
104 107
175 94
98 172
38 49
41 49
118 193
156 123
64 180
28 47
122 80
154 101
65 50
100 134
6 24
27 170
15 132
62 61
169 30
119 163
146 146
84 105
70 194
56 7
130 31
93 194
96 67
97 30
64 31
189 68
106 76
64 74
86 192
77 107
52 115
8 102
126 46
104 172
160 191
190 74
37 74
85 163
57 83
28 50
12 102
193 193
37 88
65 102
12 147
84 76
56 187
52 68
191 193
178 122
53 102
74 98
143 65
64 143
142 102
101 192
62 15
57 187
124 99
54 164
103 97
29 103
160 54
160 33
122 111
177 139
122 10
159 168
174 77
111 100
73 162
122 121
126 172
108 32
12 11
17 51
72 146
110 138
45 104
78 27
186 103
110 59
38 194
57 192
23 83
11 38
162 167
70 19
108 73
86 104
107 15
2 131
92 190
131 42
101 193
75 34
126 133
140 72
180 36
129 165
23 193
191 50
58 62
71 194
121 193
188 11
158 20
7 10
53 87
80 60
52 171
72 187
33 6
186 167
97 194
161 172
74 159
141 194
138 11
117 39
87 192
109 147
144 194
103 126
89 105
125 147
119 193
31 26
154 102
12 148
166 4
54 171
112 118
51 147
4 42
32 171
162 194
72 194
33 5
145 143
101 19
20 148
53 88
193 144
69 5
94 193
128 190
4 94
51 171
154 143
40 148
165 194
26 51
81 125
141 164
107 19
1 23
165 86
133 192
188 167
136 148
88 104
158 63
8 149
178 168
40 87
34 63
141 9
187 143
78 146
104 111
90 123
141 147
148 131
10 84
17 168
118 84
134 138
169 194
56 114
130 192
81 34
168 33
188 154
49 188
157 104
76 162
44 137
22 135
27 85
193 187
104 147
143 68
179 104
32 125
182 104
57 78
125 148
189 104
146 147
11 149
54 102
153 171
138 170
128 23
97 81
78 107
95 138
81 2
67 105
66 7
123 13
30 103
60 86
139 98
140 15
163 96
49 192
86 170
169 192
191 41
177 168
40 142
42 77
188 143
177 145
50 27
160 19
119 70
191 89
151 30
110 147
173 146
53 192
164 169
56 165
134 171
163 172
31 50
190 78
118 81
8 74
137 144
160 20
116 144
43 48
148 88
124 109
171 192
120 146
113 99
71 147
173 194
138 121
152 57
53 86
47 54
7 173
38 169
168 41
128 191
169 62
31 149
13 192
143 123
69 73
53 30
69 105
12 149
163 155
41 47
55 114
116 163
188 22
137 148
46 41
160 133
166 169
42 19
194 49
39 173
11 168
24 65
128 91
75 105
10 89
177 27
140 10
176 92
78 149
65 14
111 31
38 56
153 82
38 67
51 173
24 120
166 194
23 166
36 145
144 105
132 127
179 122
167 194
4 72
154 144
25 65
175 194
120 193
11 68
86 9
46 36
150 90
127 23
195 129
53 188
91 108
106 60
33 55
43 127
2 193
63 172
191 129
146 105
55 171
31 120
181 194
76 49
66 11
90 145
114 92
71 128
28 141
142 123
15 106
31 119
149 94
92 52
175 169
159 21
23 63
187 160
41 164
65 118
155 144
87 149
130 23
160 169
159 49
75 163
89 173
52 24
166 168
64 192
92 89
8 168
194 86
87 119
127 173
166 60
57 58
175 92
110 85
197 58
141 89
126 131
171 28
22 147
86 102
190 172
146 148
142 59
103 149
135 173
155 192
43 87
71 38
19 121
111 149
67 133
3 21
45 133
148 170
89 170
162 192
139 70
113 149
126 100
192 172
4 95
191 172
86 193
115 49
33 17
48 106
111 147
12 80
148 103
184 194
164 57
12 105
99 195
41 142
74 56
129 31
57 193
153 30
54 106
63 51
46 69
170 192
42 67
56 164
143 55
121 10
173 31
161 117
122 129
124 121
194 144
164 159
187 65
196 183
143 195
126 48
170 146
123 91
14 102
137 173
86 93
102 106
186 172
88 122
39 145
69 171
176 97
175 134
124 149
126 170
148 149
136 171
99 134
28 74
34 146
94 194
146 123
99 147
19 61
64 172
16 71
76 102
87 146
169 106
137 146
14 89
74 160
145 195
121 133
157 137
1 92
104 112
161 195
144 103
24 129
192 145
169 102
21 150
100 195
114 164
95 159
105 57
45 137
159 173
194 32
11 93
182 106
2 194
171 146
91 107
137 138
4 161
180 195
100 147
8 146
95 64
174 31
183 31
16 91
38 196
172 192
94 42
189 172
64 191
165 87
145 20
88 196
182 27
154 49
125 36
33 56
81 3
86 120
56 32
165 172
195 187
127 170
157 105
131 192
123 86
70 75
126 27
181 90
191 90
162 127
56 73
86 56
46 39
151 171
182 92
174 157
177 76
159 96
39 143
90 196
146 132
49 150
109 19
55 150
101 195
3 194
92 196
97 107
6 11
76 109
32 123
155 49
121 107
51 24
108 84
65 172
110 142
70 135
111 98
125 97
76 87
173 195
138 19
77 109
138 98
183 143
59 130
85 59
100 92
34 187
37 89
50 150
173 192
188 170
126 132
153 37
120 14
161 168
8 30
111 167
22 150
76 161
156 196
96 85
164 58
84 96
41 147
63 169
176 194
162 195
157 192
121 146
47 121
174 28
112 150
115 86
118 86
169 138
135 150
38 182
15 179
23 167
3 140
4 174
134 100
66 172
26 194
146 122
67 33
126 47
88 169
7 171
187 172
161 32
54 126
21 84
70 106
141 93
102 70
50 40
127 71
43 77
193 129
21 36
152 135
12 150
78 174
141 150
159 18
33 54
174 156
65 169
166 172
6 131
103 150
155 13
48 108
31 170
100 24
42 5
31 87
178 62
86 108
105 49
150 95
76 46
82 141
16 174
17 169
172 32
91 173
79 138
70 165
157 146
73 191
10 168
136 108
4 151
121 129
138 16
28 76
135 122
79 127
51 150
5 190
50 84
55 188
147 148
61 95
52 77
133 128
128 24
177 108
100 172
112 119
179 108
133 98
165 196
156 144
15 192
75 63
38 184
127 171
28 27
14 128
25 43
123 10
74 163
149 166
28 174
109 99
124 68
172 146
31 174
169 196
19 169
32 51
89 56
56 136
82 86
22 141
12 133
46 2
39 196
53 7
57 74
128 31
47 3
132 170
49 104
122 146
112 34
123 171
177 96
99 108
181 96
5 174
177 196
12 104
46 62
51 138
28 114
94 133
94 92
57 79
126 124
41 50
13 90
75 174
48 166
154 94
123 74
86 169
52 150
181 108
87 72
192 90
96 30
181 196
191 79
75 7
135 171
99 100
186 66
42 124
164 161
2 133
29 105
137 149
30 186
73 125
180 72
40 31
17 72
8 150
63 145
140 96
92 174
184 195
126 174
52 120
131 109
145 33
42 36
180 105
7 110
78 126
152 169
132 171
52 147
104 110
192 170
69 6
13 193
141 57
8 16
159 10
183 196
5 193
164 172
118 194
46 86
48 168
74 100
78 100
82 49
128 192
85 58
170 28
190 66
85 83
170 135
175 163
162 42
181 109
138 108
29 120
108 110
22 26
72 147
24 140
50 30
56 171
34 195
151 170
84 137
26 118
78 150
191 188
193 194
175 103
11 151
5 133
98 31
28 148
186 155
43 74
164 86
188 160
190 119
112 147
185 75
154 134
104 173
58 58
184 196
52 69
7 174
50 192
117 144
32 103
167 197
97 100
123 173
88 114
19 151
69 75
70 126
109 131
25 66
6 60
55 147
182 190
88 9
138 171
90 53
23 168
45 6
80 73
23 151
33 50
75 133
137 114
X
23 35
71 92
104 24
76 32
165 174
38 112
173 12
120 43
122 130
15 42
106 187
91 24
163 95
57 188
99 172
24 28
178 169
104 33
189 160
X
X
50 113
38 44
73 139
121 194
66 4
176 132
60 58
2 130
137 171
30 105
178 131
22 5
105 68
131 112
172 106
30 27
82 44
152 171
144 57
4 73
180 157
126 129
110 167
5 75
110 73
90 194
178 155
102 100
104 164
171 106
61 147
X
56 168
158 19
179 54
110 84
29 187
19 103
146 149
27 96
85 73
193 113
189 174
55 181
12 175
160 56
150 77
137 14
51 195
53 195
19 125
187 136
184 143
73 192
104 174
12 151
27 123
28 46
156 5
32 49
158 21
53 150
44 124
171 51
53 139
31 28
168 26
52 195
177 132
6 14
137 108
61 175
168 61
107 187
19 119
169 76
64 175
32 110
56 89
9 99
92 139
60 85
118 144
6 171
94 195
195 118
108 72
68 175
126 91
127 91
93 122
X
158 30
195 113
75 65
187 139
100 175
102 175
118 95
X
41 97
42 87
155 193
49 7
176 138
180 122
24 114
66 175
X
92 62
54 151
29 107
62 147
149 162
189 128
172 51
X
161 118
148 162
X
188 18
X
141 70
67 172
167 195
118 140
71 132
169 135
139 103
113 147
56 151
X
77 174
36 56
110 13
25 129
126 37
125 149
X
26 195
71 40
146 143
3 185
179 109
145 196
94 90
57 33
111 175
186 136
X
165 197
8 59
54 3
55 67
92 197
61 5
143 102
50 151
63 114
84 75
57 139
119 151
61 127
102 71
136 150
128 85
80 36
85 101
45 7
9 26
76 160
58 59
29 148
4 77
56 68
188 175
178 32
145 114
73 147
42 66
135 10
143 150
134 132
155 10
154 137
77 121
63 147
90 197
88 170
161 84
95 30
188 114
1 176
42 75
105 31
184 137
X
76 146
25 148
157 136
X
118 195
101 92
6 58
122 151
34 125
178 27
83 164
14 115
27 129
141 92
123 174
158 37
108 187
89 35
11 89
152 90
5 191
11 176
111 130
15 176
56 179
109 171
192 14
126 49
79 60
82 46
141 71
52 14
4 130
59 5
159 42
X
47 50
30 94
178 95
88 68
155 9
52 79
97 97
125 39
107 120
117 8
146 77
98 54
51 176
185 143
91 197
75 175
63 176
184 151
76 176
30 26
108 127
148 57
55 120
152 31
28 129
89 176
137 72
158 49
44 163
150 21
16 104
13 47
176 91
159 13
98 176
112 175
53 36
169 197
121 140
10 52
151 28
172 52
41 195
68 35
77 49
166 134
123 172
109 130
128 99
168 197
188 172
88 197
X
99 176
40 115
110 176
160 174
113 150
193 188
15 119
16 27
23 194
51 35
142 194
9 150
80 54
X
137 150
119 47
3 173
47 48
131 115
127 100
143 83
132 110
29 7
78 147
X
159 31
42 70
136 75
55 36
142 150
63 95
177 197
5 151
106 55
12 69
3 186
93 118
80 13
187 151
4 152
26 80
12 176
116 176
21 63
X
90 146
127 174
54 5
52 44
160 135
87 147
137 176
139 176
161 13
175 109
102 60
158 57
132 99
74 126
151 176
23 6
76 92
149 93
X
109 187
X
83 73
76 48
93 65
88 149
122 86
6 51
147 182
63 15
74 147
137 96
135 72
121 41
14 193
154 95
4 147
52 80
6 49
81 77
118 92
66 14
194 31
72 57
106 73
49 166
66 76
182 109
154 145
180 76
119 195
59 4
100 176
75 162
4 117
54 70
78 122
75 134
X
52 84
72 135
16 152
6 140
41 98
35 17
53 6
137 102
155 82
77 32
98 92
179 51
106 32
105 26
57 36
151 16
176 117
85 105
28 128
114 90
195 32
27 137
93 89
40 196
13 102
26 53
115 24
36 146
157 193
53 18
154 176
137 145
81 29
20 36
140 12
77 122
135 130
135 174
49 85
176 81
18 118
70 6
177 194
66 37
20 152
129 192
5 172
54 78
89 101
117 89
148 53
73 194
16 92
147 94
8 151
13 136
4 39
27 97
169 28
6 50
128 36
171 119
147 171
15 193
55 106
73 193
193 19
164 173
180 54
187 168
123 151
81 58
190 120
66 17
100 16
141 121
25 127
131 40
24 136
114 175
31 152
161 21
98 148
148 165
24 121
158 8
X
40 29
53 47
193 195
81 4
60 163
91 118
190 104
72 127
46 123
85 27
17 44
79 75
6 139
144 123
17 174
165 176
X
23 36
87 83
85 84
130 25
123 121
99 109
20 33
147 143
86 101
144 59
X
8 147
80 127
96 68
175 131
188 151
24 79
45 62
144 118
118 68
69 8
44 74
21 151
89 149
92 40
179 82
39 146
93 197
161 31
46 68
100 15
174 146
107 74
7 119
68 172
42 50
92 107
34 147
31 124
154 91
135 70
71 152
114 84
102 152
120 144
95 62
52 176
75 147
X
30 194
52 103
74 91
163 109
10 27
71 148
34 27
128 38
43 50
41 143
176 170
157 106
79 122
162 121
157 10
73 148
46 67
108 39
109 73
191 194
144 150
112 140
64 114
147 114
25 121
31 94
6 147
10 11
34 77
190 68
38 185
177 117
103 141
40 166
43 44
169 139
109 148
127 97
85 93
169 49
190 174
69 106
100 28
75 83
124 100
121 152
24 117
66 72
40 174
143 148
145 197
160 192
94 62
28 42
147 95
194 93
94 197
18 169
135 132
159 95
53 115
27 136
85 82
168 176
160 9
179 81
5 173
158 137
133 141
156 124
125 11
X
156 49
X
25 149
74 128
85 57
104 134
137 152
161 93
62 127
42 119
70 127
165 89
36 173
127 13
89 10
129 49
146 150
125 86
85 19
173 196
74 32
30 121
172 176
136 141
170 133
127 86
X
16 177
85 68
X
78 109
56 139
100 148
162 152
106 18
35 20
136 77
182 138
118 85
25 114
189 39
X
112 133
33 51
88 101
92 140
64 4
139 89
52 151
90 101
X
75 177
137 12
151 90
41 196
16 119
172 28
17 125
79 177
87 58
94 79
134 24
81 47
47 55
7 111
X
166 152
192 2
71 149
53 176
183 152
103 151
102 107
32 56
177 142
33 30
142 45
79 28
6 153
90 177
143 59
87 27
30 195
147 89
191 57
78 151
167 177
161 85
170 134
56 170
67 37
X
66 74
17 55
162 21
54 195
188 36
133 130
29 188
X
30 148
180 177
61 144
66 36
166 173
29 40
98 107
41 29
138 42
55 195
178 124
124 91
8 153
179 76
134 72
25 150
127 175
70 166
174 158
126 50
X
12 103
131 39
105 58
X
191 177
176 134
41 36
X
X
183 104
112 113
139 16
21 152
32 87
114 93
3 178
48 167
16 175
17 119
148 171
88 121
40 173
71 103
68 47
5 178
4 153
X
152 18
35 105
29 189
143 31
27 74
191 174
193 174
167 61
62 175
53 84
106 127
120 11
177 58
10 153
107 86
91 177
X
86 194
77 14
124 86
19 153
94 67
181 5
14 44
93 123
X
X
13 135
114 178
97 83
127 176
145 150
103 152
31 195
X
155 176
126 4
46 37
49 168
124 108
18 119
49 153
194 97
12 152
178 76
87 194
177 83
192 22
159 33
87 19
99 99
X
147 150
51 113
158 61
51 119
83 4
104 47
23 7
133 147
X
102 98
72 188
165 6
188 152
83 49
53 124
160 93
17 122
X
160 11
71 37
68 177
67 138
23 16
115 175
94 89
122 125
88 69
32 195
2 176
118 91
187 166
X
187 137
166 102
189 178
110 15
24 12
52 153
56 70
120 132
162 169
93 80
1 179
86 195
103 127
128 52
34 18
57 194
120 195
105 47
49 189
179 30
187 22
166 103
173 160
35 155
78 56
6 174
25 141
138 152
57 77
46 44
129 67
189 14
139 45
152 43
12 179
X
64 144
146 52
99 153
136 132
38 68
84 164
7 112
19 123
130 50
162 41
X
161 86
X
157 12
71 8
48 169
X
X
X
36 18
124 46
140 89
192 174
76 174
152 50
X
101 12
159 124
91 130
72 152
92 138
65 49
X
143 66
123 153
X
165 177
121 15
138 110
152 54
33 123
120 147
23 195
X
129 47
128 153
70 102
135 176
98 19
8 58
17 8
9 84
183 190
48 55
143 45
138 9
121 124
52 168
X
73 152
34 188
5 119
41 179
13 77
117 11
106 14
4 148
65 103
130 67
177 109
50 44
154 146
103 162
140 70
X
147 92
35 56
159 170
16 73
160 107
71 56
163 152
171 21
83 86
81 141
12 36
33 186
X
137 141
159 169
71 150
20 153
126 125
131 55
18 174
189 76
156 153
157 153
138 111
99 110
175 158
52 27
185 138
4 137
74 57
56 24
X
130 24
162 106
39 36
13 38
X
139 177
159 104
92 64
68 72
X
72 126
112 134
156 176
71 139
X
49 193
98 149
192 41
8 46
126 71
X
29 138
X
9 131
84 95
44 179
27 42
74 82
88 123
41 112
103 164
14 133
173 28
187 169
158 3
16 154
59 89
43 119
166 56
3 139
X
83 72
173 197
93 138
136 73
16 70
125 121
48 154
182 39
53 179
178 133
87 93
111 168
169 20
53 32
152 21
51 154
15 77
158 153
X
48 170
51 78
81 45
190 35
1 93
162 37
87 109
128 50
169 65
175 9
135 175
4 149
85 154
12 153
78 81
43 124
133 148
61 179
155 194
X
104 179
52 154
91 25
187 170
135 139
65 175
113 138
16 105
192 130
48 171
141 10
16 106
25 83
171 10
142 39
53 85
160 13
160 51
115 91
83 138
65 72
7 123
13 176
24 195
72 150
24 151
151 137
33 195
166 159
122 108
44 119
181 30
124 179
162 153
85 95
172 138
45 82
X
136 109
88 154
179 62
87 101
25 195
56 84
67 163
70 125
156 177
93 64
121 154
174 27
176 59
105 188
X
127 10
X
179 61
49 194
X
45 105
45 135
41 30
31 105
151 178
18 134
184 190
49 195
92 177
176 19
38 115
137 154
145 118
180 81
138 93
193 21
110 139
29 190
53 90
53 4
175 170
52 36
125 10
86 68
134 148
139 99
X
X
141 195
181 124
166 135
189 194
X
101 172
45 44
125 179
13 89
24 137
68 192
166 174
172 18
168 46
164 154
57 73
151 40
168 135
1 25
51 36
188 13
55 179
X
139 152
53 180
8 88
171 41
132 130
192 10
162 154
138 154
4 176
128 179
X
73 150
127 50
143 53
189 80
6 13
155 57
74 150
43 70
128 68
183 153
153 179
141 75
174 154
98 173
189 195
58 83
164 160
3 130
159 38
23 18
84 68
186 154
193 175
X
177 28
X
175 154
X
172 161
160 49
148 95
30 190
88 56
51 136
53 140
66 73
194 113
84 94
X
158 62
75 150
30 28
18 152
117 12
102 176
29 121
86 154
93 23
89 34
64 45
178 60
7 98
X
169 103
138 45
132 100
88 10
89 154
12 76
193 32
21 87
143 52
51 18
X
189 22
17 152
75 119
180 91
148 105
X
15 89
42 179
173 26
24 141
75 178
79 77
124 70
173 138
X
90 154
179 77
175 105
10 88
24 42
185 151
53 171
154 72
111 171
X
41 155
X
18 175
190 195
10 51
125 12
42 155
166 87
176 154
3 176
32 26
50 114
67 132
8 123
25 151
X
175 8
44 50
190 178
159 153
156 154
28 136
86 114
167 178
172 107
10 26
99 154
61 128
147 38
49 155
156 179
61 94
123 129
149 78
129 153
56 85
69 36
112 98
90 42
35 147
154 104
55 155
168 178
37 173
27 75
80 32
133 149
11 69
126 51
67 16
X
51 115
79 29
171 76
X
141 196
X
102 172
66 35
160 15
13 57
129 51
X
X
153 49
81 55
193 176
102 173
122 154
79 32
74 83
109 84
122 12
28 41
31 109
174 197
X
142 104
130 70
56 152
181 179
X
135 123
112 132
63 31
100 19
105 27
160 106
7 88
136 129
4 76
161 30
165 178
18 178
166 153
70 57
102 28
11 180
113 100
156 194
187 157
70 8
90 180
140 154
92 54
24 40
172 108
83 82
40 165
86 119
88 109
67 139
65 31
39 112
55 180
107 121
X
113 141
68 178
100 173
13 74
125 119
105 179
142 103
46 66
36 103
169 176
166 91
8 154
157 194
170 177
67 49
104 92
91 154
53 70
139 173
9 112
141 197
84 28
103 180
162 118
25 139
172 46
X
142 197
104 97
81 59
138 180
13 73
X
124 180
150 118
15 24
125 77
192 178
131 153
26 170
X
X
160 21
85 81
169 60
150 180
180 180
158 194
55 47
61 180
161 169
108 121
68 134
135 119
148 132
192 180
37 147
30 108
29 108
162 86
109 122
47 2
23 41
33 152
123 176
64 116
84 74
5 60
69 102
70 46
53 182
59 155
32 127
120 133
182 91
X
51 28
X
140 152
X
X
25 134
197 180
159 105
161 95
137 16
63 155
94 64
9 154
79 74
72 67
147 134
83 141
115 179
101 176
X
81 60
4 118
69 16
167 31
115 48
183 103
187 21
53 154
31 190
12 154
183 177
66 155
X
41 48
65 8
60 62
39 62
87 155
X
145 59
13 132
55 182
32 94
194 178
123 175
186 138
127 124
161 127
155 72
168 121
56 79
33 127
141 91
84 102
85 164
52 135
27 40
134 77
56 155
26 119
143 40
88 99
76 150
10 154
X
X
159 94
158 155
132 131
163 118
22 140
12 38
16 72
17 57
194 89
106 19
175 160
136 119
25 52
52 70
159 154
13 177
78 48
22 36
45 156
157 9
X
58 139
35 152
63 177
124 98
25 53
61 130
22 152
92 51
121 77
104 36
12 181
169 178
188 40
74 60
126 113
183 179
50 115
34 136
X
187 140
140 14
110 141
X
48 156
24 181
X
X
42 86
28 49
105 36
25 67
13 45
137 70
177 170
15 26
26 181
153 180
77 150
33 181
57 181
63 48
18 133
7 11
93 181
100 154
76 83
139 154
24 134
63 130
27 12
14 93
3 179
65 156
38 87
29 106
158 139
53 137
6 30
137 155
69 56
161 106
157 135
X
X
149 66
9 101
36 174
65 104
74 30
66 176
12 5
76 185
65 77
16 90
140 155
41 6
124 87
178 170
X
71 106
9 88
153 29
163 107
54 68
32 193
52 127
36 147
55 53
25 44
46 85
27 114
3 141
101 154
126 86
71 73
91 180
160 50
X
90 173
120 148
147 181
13 181
46 82
69 50
125 71
68 117
64 51
119 26
64 155
141 119
34 124
35 103
142 42
11 154
71 89
41 180
56 195
159 174
188 12
168 63
156 155
152 137
11 139
183 50
195 127
119 140
193 90
X
X
168 119
46 65
42 166
110 18
X
94 43
54 107
125 38
40 62
84 138
144 102
112 36
97 108
30 29
36 55
71 91
128 35
182 179
66 2
5 59
25 12
129 90
142 106
151 29
161 170
124 176
61 177
186 68
114 91
10 30
148 143
185 77
125 100
42 120
74 162
111 140
42 74
94 31
88 70
179 29
137 177
169 121
28 149
63 160
181 177
75 80
27 171
160 12
140 153
42 125
34 51
132 109
126 97
180 92
145 130
135 177
X
X
103 60
8 76
165 115
77 105
32 152
140 9
6 154
97 82
142 14
29 116
16 179
94 91
139 100
55 74
181 72
120 120
162 174
105 189
166 155
103 68
188 119
90 104
171 181
3 25
X
141 144
80 125
156 120
177 138
67 155
102 72
129 89
96 156
10 28
152 51
67 102
X
169 46
22 63
69 49
67 40
87 57
143 119
27 119
X
138 122
X
9 30
X
157 57
8 72
20 122
22 68
186 156
149 89
172 178
75 179
35 139
181 181
25 46
125 109
30 32
3 182
137 89
7 154
175 171
73 185
86 196
160 14
87 120
105 190
67 169
161 174
X
22 87
42 135
173 141
170 176
X
129 156
34 152
51 55
X
103 106
16 42
175 197
107 72
57 140
136 11
157 138
86 197
71 88
175 139
120 149
184 139
143 144
183 155
136 70
182 177
34 181
5 182
5 117
23 182
27 45
124 69
172 26
17 121
10 50
73 151
103 176
152 28
68 179
13 80
73 188
86 10
102 69
191 178
44 37
169 51
148 104
X
130 156
145 19
41 166
13 133
174 32
172 41
55 55
129 45
X
15 76
124 129
129 50
164 82
115 6
74 136
142 90
190 156
176 82
192 156
55 24
67 177
177 154
136 72
72 186
34 104
151 7
126 176
18 176
164 78
93 107
68 176
183 109
113 140
50 157
52 157
69 7
34 184
170 178
146 130
146 114
27 138
132 129
4 120
74 81
X
76 88
51 44
183 106
44 44
89 155
43 135
3 133
152 176
X
40 128
31 153
12 74
97 156
102 99
8 26
48 10
X
121 78
93 109
103 48
49 18
175 104
104 72
65 182
113 9
90 109
185 76
166 154
X
173 20
54 157
163 174
55 42
56 157
167 30
39 44
117 9
11 177
79 136
109 110
69 71
27 139
193 180
X
149 30
X
151 181
129 179
125 47
163 94
145 30
110 31
135 120
X
191 179
67 157
44 47
183 178
167 28
40 112
127 87
154 93
50 79
121 126
63 129
74 157
68 49
140 11
175 133
11 178
120 151
72 60
127 88
99 149
42 10
192 181
43 155
68 181
151 180
66 16
149 65
47 10
111 76
75 139
87 197
149 88
170 60
160 60
70 45
27 51
X
167 135
60 155
X
192 171
124 110
X
34 189
X
79 157
93 25
74 188
53 138
X
63 182
159 36
103 124
165 116
158 42
148 181
24 123
35 77
130 153
X
182 181
33 153
127 109
44 46
176 109
40 116
70 40
85 157
87 157
X
98 156
X
44 155
7 25
174 29
X
179 59
38 91
75 32
62 182
38 147
138 70
99 157
21 153
80 12
179 17
89 57
X
6 52
27 53
188 176
13 11
42 136
103 72
180 155
191 58
132 128
166 85
183 107
130 28
157 139
158 135
172 12
X
4 74
151 9
43 166
116 178
X
156 72
110 32
173 162
X
159 139
111 101
52 173
X
128 37
179 106
120 140
X
13 15
41 156
X
76 89
34 190
150 116
138 109
197 181
X
35 153
148 133
108 157
43 156
132 104
121 149
66 106
77 151
177 140
71 36
176 157
X
178 157
X
25 181
X
49 43
X
168 120
41 86
150 31
159 107
81 28
96 79
X
X
42 158
184 38
5 121
48 158
150 17
X
45 157
X
X
64 15
X
145 131
73 163
176 76
90 182
X
131 110
56 182
175 162
59 83
179 71
55 70
86 164
162 120
14 57
101 28
18 179
137 156
129 46
22 138
43 62
142 52
140 13
15 57
103 182
X
X
56 153
123 154
188 118
X
103 112
31 103
59 158
196 32
X
X
172 38
172 163
85 33
76 157
66 177
140 45
118 67
121 76
54 36
175 172
X
60 87
61 176
124 182
57 182
81 129
154 82
137 77
75 98
109 121
150 88
66 3
36 175
157 71
176 118
X
87 81
68 180
128 97
34 74
74 67
36 181
158 104
7 48
X
86 109
86 59
132 153
54 139
60 88
67 136
84 84
75 131
49 47
5 71
176 141
X
X
X
16 89
49 10
133 110
107 179
19 6
49 158
81 136
53 78
176 197
79 27
139 94
175 130
42 44
112 121
107 71
98 174
176 18
140 173
110 177
X
X
141 72
137 15
183 181
179 154
X
10 112
X
84 20
148 54
46 104
126 119
6 26
63 158
171 20
194 119
52 20
131 50
36 77
56 110
64 177
159 171
66 158
59 156
24 115
80 49
104 32
X
39 29
126 182
170 182
40 70
159 155
179 72
50 158
166 104
154 180
84 21
39 39
156 63
60 158
142 38
53 127
119 24
X
6 183
103 51
181 71
79 158
125 176
X
155 180
194 78
4 154
6 71
21 28
44 135
156 156
9 46
168 123
X
X
170 18
86 158
51 84
52 155
X
58 140
178 154
31 154
176 130
31 107
128 154
135 11
180 191
131 111
175 95
154 135
X
91 182
X
100 88
101 149
170 74
85 155
20 119
194 115
X
51 51
95 158
21 154
42 7
160 130
151 177
X
84 104
33 154
77 27
53 173
X
186 104
4 121
35 110
143 197
84 136
173 21
142 105
171 178
158 50
38 51
108 122
X
85 141
110 98
162 124
81 126
X
133 150
23 183
24 183
18 135
60 83
117 67
130 69
X
139 180
97 12
73 65
X
31 123
42 62
41 183
10 48
125 52
26 120
104 142
39 91
103 28
X
177 172
61 156
159 194
159 156
82 74
47 49
170 119
83 46
176 172
67 137
192 46
50 195
68 193
43 158
187 104
148 52
122 14
160 194
X
122 11
76 105
158 32
X
128 98
38 31
53 27
X
62 177
144 29
139 105
126 109
169 107
X
138 156
95 53
155 101
129 91
X
X
23 34
193 78
134 110
154 103
7 77
81 31
168 134
88 147
6 27
147 20
194 46
152 22
174 138
66 102
26 78
163 106
X
28 94
71 39
100 149
52 119
121 43
X
X
X
84 86
192 177
10 140
122 78
104 182
29 136
141 173
122 112
106 47
176 62
167 179
27 95
103 158
196 60
183 51
67 131
92 182
54 173
120 158
42 121
160 10
98 50
72 56
93 62
86 27
78 98
137 139
28 13
48 50
150 181
69 103
78 106
56 135
183 27
137 99
174 53
53 14
38 127
X
37 77
170 48
14 141
152 88
64 5
79 49
109 157
70 76
55 139
193 114
7 14
170 138
61 155
93 183
116 53
103 92
155 43
X
144 197
X
147 158
182 90
15 115
76 91
8 52
11 11
167 33
158 121
X
140 183
91 4
71 72
X
142 183
51 158
150 158
104 68
25 123
156 180
50 80
21 155
51 174
158 124
166 183
145 106
135 113
16 93
98 33
77 39
14 116
40 37
186 106
68 36
X
160 127
32 194
X
183 180
169 183
X
141 90
125 60
X
28 171
179 183
5 139
X
174 162
9 103
188 68
X
94 22
126 179
74 125
105 182
139 156
192 60
X
18 177
180 178
3 39
112 120
193 29
182 183
164 158
192 158
105 56
41 123
154 57
91 155
41 157
106 75
142 57
X
87 105
X
38 40
26 184
163 78
15 133
138 177
160 63
79 178
38 181
X
55 173
139 96
155 195
X
X
13 178
26 141
107 70
99 111
X
47 104
165 158
168 133
154 37
95 139
68 194
62 159
87 158
57 106
X
167 88
X
179 58
31 106
160 36
68 139
X
44 76
67 135
123 133
31 110
53 174
83 136
44 62
33 184
7 71
169 19
167 87
X
135 24
X
95 52
139 104
108 19
9 132
X
68 136
117 184
139 184
33 103
17 180
66 178
X
X
105 191
57 179
105 159
44 180
147 184
152 165
13 179
81 140
59 58
X
93 136
87 35
116 177
147 132
63 156
56 106
158 120
181 184
137 11
X
138 173
188 120
76 90
7 46
136 74
118 39
162 78
120 121
109 159
43 128
140 156
129 159
54 158
113 98
110 158
X
104 99
32 91
41 181
151 41
193 178
X
187 156
151 8
X
168 159
130 154
163 93
125 58
73 88
7 60
X
127 119
X
99 158
X
84 30
159 157
98 108
7 85
29 160
41 160
151 182
119 152
8 75
59 160
77 57
X
X
7 52
108 160
113 139
32 185
192 115
186 105
183 183
114 179
36 105
34 56
27 78
171 19
110 130
4 75
X
128 45
110 157
X
X
75 157
140 184
41 116
46 70
151 136
31 95
X
132 154
148 55
138 72
2 93
195 119
172 29
23 14
X
72 185
149 64
145 115
195 130
29 94
146 118
160 139
26 83
126 39
X
5 154
22 28
X
183 105
121 75
62 62
112 31
70 56
28 28
X
194 180
62 60
134 20
88 4
110 160
93 108
178 109
191 60
139 174
71 93
161 78
146 144
47 51
35 181
123 160
106 64
23 15
X
126 121
11 88
75 109
184 191
X
X
146 119
28 150
X
61 129
X
140 160
126 24
33 185
148 160
88 97
X
103 123
34 20
161 136
29 41
171 11
88 27
4 119
150 160
6 141
16 108
55 174
122 132
89 147
X
130 179
57 32
172 160
171 183
X
49 89
178 172
X
X
110 178
X
39 31
28 134
X
63 178
97 157
91 156
X
X
28 45
140 180
158 105
103 24
116 68
159 127
28 14
88 102
124 60
82 73
178 117
131 156
111 122
37 54
122 133
67 72
X
29 104
161 94
90 10
33 98
53 175
154 105
142 184
103 99
X
109 100
64 35
4 21
179 32
X
96 54
136 24
98 68
X
42 37
169 132
100 13
144 184
43 133
136 123
144 106
30 160
19 62
159 57
14 179
26 79
8 110
66 182
197 182
139 82
40 15
9 52
192 11
X
106 31
4 133
35 49
98 51
191 160
52 158
97 98
67 182
125 124
150 185
53 136
153 181
157 15
X
121 158
42 183
73 93
183 136
49 6
194 82
34 185
20 63
106 182
1 161
14 53
152 183
134 73
67 158
128 39
172 110
71 135
127 11
182 124
179 105
8 112
35 184
55 78
93 184
111 179
170 121
147 118
180 192
73 63
96 14
X
104 175
194 48
154 90
77 13
191 130
105 99
27 172
X
104 152
27 98
17 137
112 131
96 97
104 158
21 32
3 161
79 179
10 46
25 68
8 13
46 84
124 132
8 84
75 66
46 83
X
5 149
77 34
X
88 110
74 97
59 6
148 144
97 16
40 161
57 85
50 88
78 99
X
150 28
18 121
138 119
68 182
60 84
X
138 89
161 15
19 63
5 186
X
51 29
44 161
X
51 27
78 105
130 183
31 52
73 161
38 28
77 157
144 180
75 106
110 122
83 161
179 184
121 13
14 129
9 100
29 33
X
96 64
14 130
110 77
177 141
88 98
189 120
107 77
6 186
105 181
187 154
151 95
52 136
79 159
42 181
134 74
120 70
65 75
168 60
130 46
179 83
6 130
35 185
4 139
18 186
37 181
54 108
90 54
165 77
169 140
148 106
34 103
97 80
X
56 137
98 134
66 77
X
84 140
63 180
39 147
179 158
69 72
104 123
56 36
110 179
179 35
158 123
X
X
194 179
X
139 101
14 80
17 27
169 119
183 48
124 183
191 46
157 195
38 63
50 75
X
127 89
125 67
X
26 114
153 95
159 120
X
36 185
26 185
180 30
X
72 91
X
148 134
109 113
172 109
3 137
105 160
21 156
74 65
51 120
112 130
173 19
42 116
11 6
84 72
145 102
32 160
29 186
117 10
X
46 38
118 184
107 85
127 8
151 165
162 96
189 12
X
70 36
172 27
132 156
193 60
77 186
57 87
84 141
120 161
38 30
70 86
35 154
105 186
42 123
112 186
X
79 76
X
130 71
121 108
143 106
88 158
47 123
55 40
X
172 179
X
55 54
160 74
44 70
37 49
130 161
X
42 133
117 186
X
135 100
134 38
X
43 183
X
74 161
152 91
17 78
180 77
162 122
141 120
155 12
177 123
16 178
64 3
X
63 115
X
155 39
148 93
183 184
94 129
144 119
5 26
X
33 49
X
110 161
196 97
105 192
92 118
31 54
122 126
190 50
95 14
119 153
101 62
142 119
6 12
67 35
125 91
157 134
180 50
155 196
84 73
54 179
86 21
120 123
170 91
97 69
X
194 88
91 51
68 57
132 161
87 34
192 39
178 123
52 124
139 11
146 120
46 106
58 89
31 160
166 178
161 33
183 49
48 104
56 75
6 137
182 93
147 40
X
85 35
X
177 81
138 161
176 83
23 13
64 76
147 161
148 158
X
X
16 137
130 159
4 41
152 182
192 30
165 85
121 120
28 43
69 194
X
X
195 60
159 106
121 121
103 142
52 126
131 159
166 161
25 136
6 132
51 74
73 91
166 158
108 74
42 160
39 16
X
10 113
24 83
55 76
126 14
40 63
188 137
119 154
X
77 56
43 162
86 121
110 58
71 75
75 185
161 134
14 76
161 138
31 155
X
X
143 54
105 142
89 109
182 30
24 15
44 162
183 30
X
X
130 45
180 154
195 179
111 132
36 110
157 72
26 45
49 106
113 10
29 109
29 150
66 75
119 186
113 12
106 179
4 131
57 120
56 78
134 71
65 71
X
182 5
138 22
8 60
147 52
180 83
122 158
86 141
168 122
X
143 67
190 77
157 120
91 157
X
106 192
170 90
191 77
51 140
7 27
195 97
163 108
X
106 142
79 31
63 159
61 162
62 95
189 79
25 42
170 183
191 186
63 162
137 174
112 179
X
X
14 140
70 162
77 180
127 35
49 187
139 72
192 159
146 78
183 154
194 50
103 143
6 138
87 162
55 33
111 187
145 116
168 28
93 119
84 81
X
125 123
162 39
109 133
38 124
117 162
141 145
178 83
55 75
17 179
127 27
88 35
X
169 48
171 8
137 119
143 58
13 188
130 155
124 133
124 13
91 158
135 140
173 139
152 184
170 106
X
192 31
89 59
160 61
31 108
50 187
149 29
86 105
121 162
29 28
X
129 162
168 53
11 78
36 148
6 133
68 37
81 27
37 175
29 141
180 186
130 65
64 72
76 29
80 1
179 20
88 1
6 15
193 56
187 73
182 96
178 2
102 5
67 31
149 9
92 22
81 57
70 2
162 8
189 102
6 16
27 121
40 17
59 8
36 19
78 32
20 115
127 1
156 1
79 14
110 16
71 5
29 117
124 24
26 115
167 5
80 4
190 8
125 13
72 3
74 88
59 2
120 12
184 25
29 72
17 6
31 117
41 85
42 76
33 89
104 51
132 42
79 33
40 44
107 122
180 93
122 122
126 52
104 28
13 14
19 20
46 6
54 7
138 21
158 40
138 14
33 90
13 69
142 80
77 60
93 133
79 34
190 22
97 14
104 60
194 5
32 65
157 13
105 72
180 27
55 14
96 65
126 98
179 5
145 117
29 8
158 109
119 56
28 119
177 29
42 115
73 3
50 76
80 34
17 24
167 104
31 114
98 12
17 79
179 117
181 122
15 80
71 70
125 31
49 107
31 121
82 1
49 9
70 47
23 87
116 70
156 3
97 67
192 8
145 31
42 89
60 6
25 81
40 75
121 57
92 25
75 88
61 6
43 36
88 95
181 54
98 69
22 103
41 8
178 105
61 7
33 97
42 90
19 21
113 7
116 24
12 6
25 87
64 6
177 119
106 72
182 26
76 2
42 2
119 60
76 30
5 99
175 101
159 15
56 4
66 8
23 28
162 9
75 91
87 10
169 57
68 58
124 76
167 2
30 8
190 48
23 62
169 61
182 28
43 10
69 20
190 105
119 67
150 18
51 75
184 35
115 25
148 76
176 101
90 9
74 6
181 35
41 9
44 97
4 25
21 21
184 30
171 121
14 46
129 52
22 21
42 46
53 40
53 89
164 60
188 77
191 14
69 90
101 13
105 28
128 65
163 110
106 16
100 6
118 107
70 49
130 26
158 133
86 99
61 2
61 97
161 115
94 83
164 3
76 3
184 36
45 10
184 31
32 33
184 26
63 97
98 89
74 2
178 3
97 13
182 54
42 85
187 100
169 109
8 11
44 114
139 75
186 92
175 10
196 56
121 56
94 33
174 12
107 73
24 80
178 119
171 110
74 90
91 54
38 52
84 90
139 77
9 3
144 52
82 77
181 119
127 31
15 74
65 51
101 88
4 122
169 21
76 6
61 3
33 87
191 35
183 122
122 107
152 83
147 65
188 9
78 12
126 67
71 76
169 33
171 74
195 93
10 29
153 57
190 52
177 101
155 83
26 134
188 115
53 75
65 114
152 85
33 26
183 54
106 51
192 36
30 45
114 8
128 1
46 10
55 103
174 6
91 91
25 116
6 47
175 12
8 122
34 31
43 2
158 1
179 101
7 86
104 88
53 20
93 111
109 39
16 74
11 12
42 69
1 94
142 16
9 5
38 54
188 65
13 68
71 7
12 9
177 30
147 18
160 42
21 66
84 77
33 27
62 93
182 117
29 134
137 91
183 52
193 95
189 81
180 101
111 77
13 108
65 15
64 97
197 60
61 62
49 29
197 56
31 63
26 81
41 87
184 39
156 53
41 28
144 36
55 20
64 120
131 113
19 17
99 14
42 134
93 63
77 58
190 100
49 55
177 16
67 15
127 14
67 103
168 64
159 77
91 90
42 122
195 95
161 36
44 2
189 10
30 119
64 16
49 108
57 134
111 39
182 36
75 120
13 48
172 21
169 31
88 28
33 94
4 92
69 114
69 92
31 98
56 61
41 94
190 117
31 126
44 69
128 70
104 90
100 8
97 99
62 32
12 86
87 108
111 74
45 119
69 87
16 118
30 64
27 86
33 8
90 4
78 101
147 21
192 37
54 69
30 46
168 104
43 122
101 24
116 6
24 16
80 15
33 32
136 9
38 64
134 103
157 63
41 128
93 81
170 61
194 81
95 12
132 40
183 101
121 60
16 57
190 76
36 51
123 80
24 118
51 17
18 9
75 93
101 134
147 6
180 4
147 106
137 10
171 6
127 47
101 64
160 124
96 31
74 5
98 6
107 55
103 134
136 111
141 77
191 3
30 30
26 116
62 33
57 20
42 112
137 24
63 46
149 7
43 86
124 30
193 52
169 104
133 113
126 30
123 109
163 77
191 12
44 112
169 41
169 123
161 74
53 55
149 21
8 14
41 3
114 81
173 63
44 122
115 93
76 7
179 124
28 78
45 3
118 108
196 31
33 108
132 58
186 101
128 64
158 108
191 5
12 106
79 120
131 51
176 104
109 55
44 48
105 24
57 75
93 40
193 57
25 16
5 28
67 75
47 52
52 118
172 61
42 94
109 134
131 56
81 87
84 87
100 89
43 96
78 97
101 25
6 100
32 105
83 47
113 28
39 124
62 11
17 54
86 112
83 50
155 40
5 102
68 75
87 114
124 90
36 52
173 64
33 33
171 31
141 73
49 105
127 37
98 131
138 114
177 31
72 128
189 82
146 57
1 21
110 19
146 103
11 132
14 36
170 53
100 108
167 47
156 50
19 100
102 64
50 14
124 88
144 39
190 103
56 69
30 116
110 87
169 108
64 11
146 54
27 16
104 127
17 68
144 40
28 53
55 118
180 109
84 97
132 64
9 14
155 15
132 65
47 122
71 105
118 94
62 34
30 72
106 58
114 94
41 82
57 23
9 48
92 68
116 95
43 123
169 72
90 120
103 108
112 37
76 80
13 106
102 101
125 78
35 33
87 112
164 87
145 21
99 112
102 109
174 33
97 18
14 132
189 18
34 126
125 8
93 68
159 29
138 24
76 82
15 102
167 48
117 47
9 110
41 124
38 125
166 132
83 69
103 101
20 100
23 66
102 110
102 111
85 72
156 70
67 36
71 86
149 114
169 26
38 70
32 28
30 76
24 125
25 17
20 34
146 58
115 28
86 123
104 34
170 108
105 59
41 15
17 45
76 50
33 28
107 127
7 50
106 68
53 17
187 19
85 97
117 28
150 114
13 71
24 126
41 66
134 58
50 124
161 10
40 19
121 37
93 66
85 17
118 28
65 119
32 66
108 112
104 64
115 89
76 38
54 124
61 96
115 80
12 88
118 89
134 18
88 124
34 108
75 96
34 127
142 89
181 81
5 73
16 102
51 15
134 40
147 23
42 16
78 82
95 22
189 114
146 64
97 85
110 88
175 83
76 122
158 128
21 65
152 52
122 24
12 84
116 69
77 96
147 78
49 48
195 114
171 108
114 82
88 52
110 38
169 87
95 50
22 102
110 134
78 96
66 119
115 82
145 23
151 38
108 35
36 53
4 24
67 119
81 127
136 90
11 14
60 130
55 102
5 104
183 108
61 12
7 114
161 40
147 8
170 40
98 130
101 8
90 102
97 17
55 48
122 27
38 41
132 102
173 51
22 24
181 48
11 39
145 119
5 24
152 89
98 17
142 32
74 92
153 88
78 39
17 25
188 37
127 110
43 125
139 80
10 49
147 119
123 28
73 132
46 110
160 128
123 124
17 46
190 82
110 113
32 18
93 120
38 116
127 12
146 134
49 110
17 48
75 100
139 73
30 88
117 82
18 72
154 41
87 123
40 88
141 80
127 112
70 119
16 115
22 65
155 41
68 48
32 20
141 58
162 128
119 49
115 84
98 97
24 128
143 56
75 132
146 75
122 30
43 116
170 38
134 102
86 110
45 109
151 133
136 15
35 73
178 38
116 86
54 120
13 104
33 20
91 123
88 72
126 26
154 69
165 78
170 88
172 8
50 86
87 17
189 41
84 18
76 36
77 36
76 119
53 28
88 71
176 60
154 88
138 90
92 123
13 42
30 31
93 110
111 36
117 86
87 21
57 34
119 59
127 121
177 124
13 9
12 40
15 104
147 90
99 97
125 56
162 10
76 93
122 113
134 41
71 125
129 28
72 86
190 130
146 59
119 53
188 38
178 36
146 55
177 69
88 93
136 98
14 37
109 101
14 51
146 102
138 120
176 77
120 68
167 132
115 50
96 52
89 32
153 133
147 39
74 58
19 104
92 124
78 125
31 104
96 62
99 92
68 106
33 110
38 113
117 37
119 51
31 31
28 126
128 62
52 116
64 46
118 82
106 71
185 88
138 43
26 129
55 116
63 49
136 121
42 88
24 24
80 37
154 50
80 38
161 82
178 132
11 90
21 25
65 116
40 113
174 78
75 107
105 123
91 119
180 69
177 97
108 86
65 34
140 94
25 47
176 78
117 43
119 52
86 32
52 113
110 86
24 135
147 59
177 92
100 130
136 113
184 29
153 43
169 91
7 121
144 68
110 110
108 13
8 121
52 104
55 49
134 55
61 8
65 17
178 26
186 77
163 86
171 65
179 95
36 108
188 116
118 106
60 89
40 91
92 42
55 50
44 63
137 18
69 88
6 117
66 38
149 91
159 75
46 63
39 27
26 121
156 60
42 98
181 82
8 117
110 56
81 73
12 93
145 123
88 96
69 44
189 37
141 94
166 133
150 78
22 100
66 46
137 123
65 105
65 18
92 129
102 130
170 46
16 133
132 105
91 93
74 127
174 51
24 26
141 96
123 59
194 130
166 82
68 118
117 84
65 20
138 123
1 41
150 93
43 9
156 56
162 13
103 130
185 90
181 39
12 131
52 100
138 113
187 77
154 39
17 115
185 92
106 122
180 95
51 48
105 100
13 67
136 100
167 59
118 49
74 102
107 118
156 52
94 25
132 54
72 131
137 100
120 125
122 84
132 101
13 134
189 127
30 65
169 52
160 123
135 110
75 27
159 102
156 101
152 93
165 75
94 130
194 29
136 126
92 131
158 106
16 76
68 40
57 108
152 94
9 129
162 18
59 127
167 56
135 105
166 100
179 49
179 78
5 21
42 18
17 42
148 118
57 110
25 50
86 30
191 82
166 86
78 128
13 79
127 125
54 127
137 105
141 42
125 9
149 95
125 45
99 27
136 110
177 134
141 53
15 67
11 87
83 44
162 14
136 130
68 131
76 51
177 71
66 34
45 70
49 41
91 132
55 43
30 90
142 96
2 91
78 50
143 94
65 47
78 34
148 130
42 91
162 129
172 48
133 100
193 94
133 54
151 42
30 114
34 75
55 44
54 104
28 51
90 40
170 132
93 93
53 48
14 134
70 131
129 62
196 94
94 131
145 120
175 106
2 95
93 124
77 102
91 109
104 130
1 42
88 51
5 61
73 131
49 90
162 110
15 93
20 123
123 84
192 88
194 51
8 61
152 84
88 111
146 68
30 89
98 133
2 43
168 73
89 51
97 109
191 127
168 100
167 102
178 118
132 62
161 130
53 67
178 130
175 132
168 59
171 73
6 21
136 128
166 84
189 118
27 135
37 75
21 61
100 17
50 126
169 56
141 54
70 88
190 126
179 52
29 95
141 83
40 43
50 90
102 133
176 119
118 104
21 85
182 95
55 115
12 87
113 25
67 106
178 134
147 68
27 83
109 17
12 128
195 29
98 132
96 18
194 126
160 96
93 43
196 29
20 117
8 119
95 98
86 19
155 105
145 132
15 134
175 96
145 133
31 89
156 54
192 56
118 93
189 129
88 30
63 127
155 37
5 77
55 51
187 106
118 53
25 119
170 62
160 105
27 72
66 39
69 91
138 23
20 60
154 68
162 20
20 125
