62 50
97 80
54 93
44 82
18 20
42 23
78 93
23 32
76 58
90 22
61 61
42 25
1 0
10 89
7 79
4 0
52 30
36 26
44 22
28 30
75 50
13 95
12 0
11 71
47 97
83 98
77 79
45 63
98 26
11 16
87 84
81 79
12 85
57 71
15 0
10 58
18 0
51 63
24 55
68 79
26 13
7 94
3 89
86 46
25 98
6 30
20 13
25 61
78 84
96 55
84 74
49 79
30 90
29 0
43 90
76 79
71 47
34 0
31 37
67 52
40 83
73 72
22 20
3 94
37 42
79 91
44 0
78 83
86 35
69 58
52 17
26 69
54 27
53 89
11 64
62 62
53 0
68 25
33 91
84 12
8 94
13 78
95 26
41 89
4 83
21 20
11 43
60 0
71 0
91 22
55 54
53 42
79 0
39 74
66 63
87 0
94 0
10 1
62 91
20 1
37 51
95 49
35 37
27 1
75 98
8 80
9 84
19 14
63 1
21 52
69 1
12 54
36 31
14 2
30 84
48 2
37 79
66 2
18 9
49 90
98 85
81 30
16 76
17 15
49 66
23 21
86 2
2 33
92 2
70 59
38 97
51 56
10 61
46 3
27 31
53 26
53 23
12 4
7 91
55 21
92 57
78 91
85 82
65 4
12 55
18 90
23 42
12 15
17 60
45 20
13 64
87 77
27 45
54 45
1 60
25 39
64 63
76 4
76 14
3 5
96 42
90 13
17 74
69 32
39 5
7 54
90 54
14 20
64 5
20 15
35 50
12 65
21 66
45 53
21 13
82 5
78 86
16 21
90 39
98 4
84 83
37 6
63 28
66 8
29 47
62 6
66 81
10 86
15 78
79 78
43 32
81 6
39 88
3 68
50 54
28 41
33 7
65 94
32 39
79 7
58 41
97 7
61 8
88 34
84 3
41 36
62 57
7 90
78 8
42 90
0 9
29 36
7 72
66 48
53 52
84 88
24 9
65 56
8 37
60 24
21 41
27 68
48 88
39 9
89 49
35 9
33 36
57 80
77 9
32 40
94 9
87 17
54 10
12 66
53 11
26 68
64 6
88 91
75 55
14 35
93 68
44 70
37 93
65 88
64 66
93 11
29 52
77 46
70 12
38 63
57 76
33 81
48 18
76 12
97 12
42 42
53 72
93 67
43 84
72 7
41 40
71 1
45 77
17 29
45 48
21 78
64 81
86 45
32 13
37 73
75 13
50 19
43 64
49 33
4 66
1 11
97 68
92 14
34 60
12 89
30 14
90 36
3 15
71 24
97 65
52 15
70 23
79 55
38 30
2 50
6 50
63 45
30 78
79 19
59 57
74 33
42 89
84 70
29 83
18 15
61 15
71 92
67 16
88 77
91 56
79 32
21 65
97 70
96 82
81 16
48 24
81 58
97 17
9 92
1 18
10 66
72 18
94 10
34 70
15 7
5 68
94 19
56 81
70 56
67 17
53 38
1 12
96 19
50 49
37 82
0 20
69 20
58 69
62 47
74 72
52 61
87 79
29 78
68 96
53 78
6 56
49 42
41 43
89 20
54 84
51 19
5 52
3 21
X
15 87
14 72
30 54
74 77
7 82
77 3
1 23
65 23
11 92
34 86
25 18
65 42
45 44
15 35
4 44
98 25
19 5
10 16
45 18
24 92
35 32
44 89
28 25
41 26
6 87
18 88
47 77
25 28
15 76
87 20
53 6
47 27
72 19
48 6
50 47
81 54
24 19
87 51
16 35
4 6
68 28
77 58
8 45
31 18
60 26
19 34
70 58
76 54
96 80
67 76
95 54
75 28
37 62
82 46
62 74
98 3
40 88
59 82
92 85
57 78
63 92
15 37
77 16
40 2
26 4
83 28
41 42
20 44
71 27
85 41
14 66
87 28
95 31
1 29
66 4
80 71
84 9
36 43
20 57
35 81
10 49
68 94
61 0
89 67
25 78
90 84
22 61
20 67
52 24
6 35
84 6
33 51
54 7
57 14
94 74
56 91
58 86
98 29
43 57
44 68
12 43
90 30
43 39
74 79
54 31
67 44
59 76
56 61
42 11
19 19
25 75
2 32
44 25
95 48
94 73
16 53
7 85
8 65
75 77
20 32
12 38
84 50
31 29
74 51
81 1
15 89
56 88
88 3
3 77
85 92
75 35
11 17
30 24
23 57
8 20
63 80
50 41
66 22
57 2
14 74
8 34
90 71
85 18
1 35
16 79
31 55
72 58
30 75
11 47
28 9
48 40
74 27
63 30
41 22
21 40
41 79
58 17
48 12
5 26
73 52
42 92
65 87
61 76
39 47
82 54
64 60
73 17
57 43
37 11
59 35
21 43
78 69
16 77
93 63
69 98
69 35
17 75
14 38
67 73
53 36
41 94
X
84 69
52 49
16 56
37 50
39 58
66 36
54 92
47 20
1 24
85 13
35 67
18 54
75 22
32 29
38 91
4 84
72 54
7 49
2 28
69 28
20 40
8 17
50 70
49 56
50 91
43 25
22 43
10 87
41 9
98 42
37 19
23 53
12 44
72 25
85 36
6 58
64 77
30 47
24 50
88 25
34 80
91 33
30 56
85 32
32 81
45 31
15 28
66 9
7 13
34 17
52 20
44 40
15 38
46 12
41 5
14 49
35 57
40 40
73 45
31 31
36 27
55 75
11 83
35 82
91 0
11 10
4 37
26 11
81 11
26 9
94 36
25 60
97 84
83 0
40 51
25 19
57 37
95 91
15 75
72 94
78 29
32 74
96 13
15 61
87 12
34 40
86 81
53 93
37 98
59 83
19 18
85 39
71 75
4 4
50 20
55 41
13 73
2 38
22 41
23 29
18 58
82 2
20 38
84 92
82 38
8 52
39 79
95 1
10 46
18 13
90 38
8 71
83 6
89 1
14 53
86 4
75 38
88 7
95 10
6 59
30 1
5 66
32 17
79 81
3 82
45 39
21 71
39 30
37 0
84 39
28 5
23 3
3 24
46 37
93 30
24 58
7 18
4 1
10 64
76 2
7 23
29 39
82 42
80 23
17 48
11 73
5 43
39 38
49 37
1 45
34 43
88 0
49 55
26 33
94 21
83 3
98 66
45 61
45 92
26 3
28 60
84 21
83 96
94 60
89 6
20 11
6 97
29 96
8 31
31 46
20 74
1 43
79 86
52 44
1 98
56 93
87 5
92 69
53 48
81 74
83 13
67 87
85 23
85 68
76 25
3 57
68 16
25 81
80 88
36 74
64 40
13 9
57 84
26 53
16 50
98 84
63 36
57 31
55 20
9 20
40 57
22 29
22 97
79 36
0 45
41 20
11 58
32 20
45 14
13 18
59 69
28 26
24 98
92 23
85 77
24 37
97 91
50 46
56 1
85 70
92 12
63 9
10 15
38 29
85 38
26 31
60 16
53 73
62 66
44 46
61 48
19 20
9 9
96 30
32 32
31 41
12 33
5 93
12 19
1 55
9 81
43 58
91 73
32 98
92 55
95 5
77 14
74 73
7 51
36 15
84 47
66 64
3 51
61 46
25 40
7 98
30 82
41 12
74 37
6 74
69 46
1 77
10 56
38 84
41 37
27 15
48 62
2 98
52 19
75 62
8 82
82 80
59 86
95 38
50 89
75 57
40 95
23 79
85 63
4 47
11 49
89 36
72 0
38 8
21 30
70 41
82 66
70 4
19 35
55 10
26 36
45 13
74 1
69 59
27 70
73 5
17 89
50 12
76 94
88 65
44 62
90 45
98 81
3 97
17 52
41 91
50 77
69 38
39 93
59 48
77 32
26 21
47 81
55 86
29 1
87 96
0 12
79 21
74 48
6 23
79 49
25 7
87 37
90 69
58 77
50 13
76 13
12 61
26 32
22 52
36 42
77 35
59 88
18 10
60 84
26 6
33 31
44 39
50 80
0 22
77 53
18 79
81 21
95 3
72 52
42 43
20 66
90 42
86 30
16 16
69 9
82 39
24 90
85 85
90 68
58 74
88 43
48 16
91 57
38 70
19 12
49 74
13 76
26 58
86 23
48 97
19 46
65 31
97 36
58 84
23 50
72 40
36 20
52 25
33 25
61 88
66 28
43 96
45 71
71 13
82 12
11 82
0 51
6 29
14 52
94 4
8 2
8 15
26 80
29 44
58 59
21 46
18 89
96 29
75 31
18 6
35 91
38 92
10 43
87 19
96 77
25 57
94 94
97 0
10 69
40 18
15 62
63 19
89 84
23 98
77 77
8 97
52 38
14 71
9 23
53 5
89 15
1 92
79 70
13 48
77 29
62 56
70 38
19 67
70 64
47 92
45 32
4 32
90 85
0 10
25 76
93 15
95 15
76 98
42 70
74 61
32 48
48 69
84 63
81 12
66 39
25 3
4 11
46 47
17 92
61 52
33 52
48 95
4 33
26 24
60 54
90 24
66 10
14 59
79 67
14 9
69 56
49 88
72 74
47 47
X
18 2
55 87
58 71
63 52
39 31
50 43
93 32
5 34
89 51
83 82
32 0
8 84
60 57
67 37
7 17
74 41
64 44
48 89
37 52
11 53
66 54
89 34
38 35
17 55
97 45
5 82
27 46
31 3
55 11
18 8
95 11
76 17
88 22
29 84
73 97
52 5
40 34
6 15
92 66
39 33
34 74
85 22
50 17
65 61
11 35
15 93
44 53
17 25
47 22
95 23
92 72
20 60
24 42
39 28
92 30
23 78
73 96
60 92
67 40
24 29
38 57
28 86
98 2
38 49
48 70
10 10
59 93
33 32
71 80
24 30
21 47
18 45
57 61
81 34
19 44
26 98
81 53
76 72
4 96
10 70
28 21
48 55
44 28
12 14
29 8
41 13
67 21
70 43
32 54
28 62
12 84
83 21
43 87
12 56
23 54
22 80
41 54
97 90
78 47
46 40
39 78
48 29
33 42
44 36
22 54
69 51
59 64
95 79
20 3
67 38
43 54
45 98
89 0
39 0
71 8
2 92
82 86
86 82
60 78
87 18
86 61
42 17
64 84
0 55
29 55
95 12
49 78
49 70
64 1
94 15
2 45
7 60
44 1
50 81
43 73
86 24
36 55
25 48
50 73
25 85
56 27
24 83
85 6
34 52
87 1
49 62
16 74
85 44
72 96
88 31
18 40
80 50
78 75
69 57
39 76
48 11
12 70
37 68
14 65
92 60
47 86
44 66
84 10
78 38
74 75
34 15
87 40
58 52
76 67
3 95
69 25
80 69
18 17
21 73
50 11
42 86
45 96
6 14
88 50
10 29
5 65
78 80
19 13
38 43
25 22
4 2
44 42
34 22
48 23
9 70
24 68
59 80
45 90
55 29
67 8
40 5
93 35
96 37
84 66
12 62
29 72
1 14
74 85
83 88
98 17
60 63
23 11
23 96
2 18
83 92
6 69
93 4
18 55
92 91
39 56
83 57
27 57
19 83
21 64
32 59
52 10
24 54
24 28
55 93
35 24
64 48
41 83
56 20
33 59
0 94
30 53
78 58
11 93
86 32
10 76
46 30
7 53
43 5
57 92
90 64
42 3
0 56
96 27
66 57
86 29
80 46
22 21
62 69
23 94
90 14
48 47
30 34
51 53
4 87
23 80
85 42
91 84
52 29
10 71
66 41
16 78
26 38
20 45
37 67
96 86
30 69
55 23
4 52
72 88
48 37
65 54
0 46
87 82
40 0
84 24
24 70
83 59
35 74
52 54
63 43
76 18
22 78
44 71
95 93
47 48
9 68
65 55
25 90
45 81
66 76
87 56
33 47
48 22
72 75
13 46
15 74
39 87
31 19
9 50
44 7
17 23
30 79
74 97
45 83
66 46
8 5
8 78
12 69
79 62
74 20
54 62
30 8
2 69
39 70
4 60
23 25
93 53
12 35
26 83
53 20
72 26
85 91
32 45
47 39
70 91
28 31
60 22
5 22
10 75
72 33
51 71
87 34
15 88
72 32
30 60
71 46
1 51
47 34
98 61
9 22
20 22
61 24
88 98
28 76
14 91
33 80
36 69
66 44
69 54
55 22
14 36
78 72
93 29
19 72
65 10
44 83
20 24
50 68
97 87
89 5
43 38
75 56
68 95
22 67
16 64
67 72
55 57
94 20
92 4
15 11
37 27
86 34
32 62
77 4
43 29
10 57
27 2
78 1
72 28
2 35
37 83
52 63
90 77
79 54
20 97
24 41
5 58
5 98
19 11
41 62
23 77
53 44
29 24
78 54
59 26
73 50
77 44
7 25
82 33
45 80
59 22
91 86
89 52
59 52
67 24
25 91
14 77
28 79
45 30
50 45
2 53
10 27
0 63
31 63
82 94
48 87
62 46
83 49
85 54
91 72
95 57
5 37
59 75
80 70
28 68
48 86
50 96
83 73
37 33
26 64
40 41
83 89
20 53
29 65
15 12
78 68
34 28
32 19
0 70
26 45
75 0
80 66
30 16
97 27
41 65
62 55
73 9
56 65
79 60
60 69
72 20
40 36
46 31
59 16
50 51
12 68
21 1
90 50
71 37
82 65
95 59
71 35
16 2
20 75
25 27
X
94 91
24 35
48 78
47 89
75 85
67 4
75 49
52 3
74 46
32 92
51 78
30 4
94 2
21 45
10 8
9 42
24 85
1 91
25 38
74 19
57 98
15 82
83 4
98 87
92 34
51 91
89 81
47 14
72 50
15 17
25 66
58 63
69 8
9 39
51 10
83 50
23 65
87 66
54 37
88 4
84 14
54 50
45 12
76 41
77 71
91 46
84 20
23 95
66 43
85 7
53 68
73 29
35 41
37 70
92 82
50 37
8 32
13 93
53 39
90 60
X
93 81
30 36
87 30
87 87
22 76
98 24
23 71
35 26
24 67
39 72
59 81
39 71
38 34
83 39
12 41
24 81
3 6
56 54
80 14
34 51
66 42
20 29
34 92
41 90
52 81
6 89
57 4
25 36
40 76
9 48
55 67
28 66
72 67
14 68
30 22
63 6
58 25
92 40
71 28
12 76
97 40
16 71
41 47
33 21
88 67
86 52
13 41
38 95
33 49
53 96
26 66
73 19
64 9
42 67
27 85
25 12
24 24
54 40
33 63
68 87
73 71
11 55
85 28
47 69
14 54
0 72
19 70
46 29
98 40
6 27
20 20
23 59
35 28
6 65
46 94
81 87
41 85
11 39
50 82
82 3
96 56
42 68
27 33
48 30
71 61
41 14
22 33
28 45
17 71
44 97
13 27
4 70
54 76
63 81
30 28
24 32
25 56
80 13
47 95
66 17
35 11
26 29
16 55
47 71
38 78
87 29
13 28
73 36
48 15
29 48
57 65
79 1
84 72
54 94
65 84
20 94
75 9
80 87
3 93
61 64
36 33
66 93
79 17
52 48
20 92
79 30
21 70
64 46
43 23
23 73
58 78
38 47
9 82
54 17
31 75
98 64
80 36
50 69
94 89
59 53
31 89
13 24
95 55
68 31
62 31
78 16
X
67 29
26 67
89 65
58 75
97 8
61 67
43 82
10 12
52 57
82 13
0 67
47 76
14 39
97 1
4 35
48 51
21 34
15 63
3 98
72 64
54 96
44 38
69 91
35 75
16 73
69 24
56 63
93 40
58 2
2 58
55 77
78 56
41 3
58 10
91 52
10 63
84 94
65 66
94 38
60 77
54 64
98 69
22 59
96 0
45 7
57 3
40 67
12 18
51 73
43 95
6 53
23 68
20 63
44 88
26 54
30 9
23 6
93 20
73 53
22 70
75 52
69 21
31 48
54 97
23 8
89 86
42 81
74 94
27 9
39 37
88 92
46 36
64 94
48 66
73 32
43 22
34 71
17 42
12 21
35 42
24 17
42 37
87 67
11 46
96 1
15 48
26 52
46 42
89 74
23 52
95 4
56 46
32 75
15 54
88 68
88 23
32 64
26 85
3 31
90 5
2 1
98 74
68 12
31 47
17 59
29 31
24 77
55 26
40 42
28 85
77 30
66 20
17 8
39 59
37 32
59 37
97 26
4 72
7 89
0 76
53 24
86 88
86 40
36 39
3 25
6 13
65 57
38 16
37 23
46 10
1 93
5 56
75 79
19 59
49 53
98 57
46 48
39 95
88 18
42 22
89 16
61 57
65 29
52 96
83 64
92 53
82 81
34 68
47 53
26 30
83 87
31 22
5 49
12 95
22 22
53 92
34 7
54 95
83 23
98 15
78 24
37 30
54 18
51 79
4 30
34 76
53 60
80 21
85 59
71 95
74 88
94 90
33 46
5 32
3 29
0 48
20 96
98 13
44 95
94 82
23 58
10 28
8 68
12 2
52 90
98 30
5 3
60 40
42 20
38 18
70 7
45 33
82 77
87 23
77 87
13 62
75 10
78 66
61 11
12 12
67 80
90 35
96 54
95 90
63 58
36 63
4 89
98 8
50 86
34 33
49 61
76 76
47 21
51 70
2 55
43 30
46 93
59 56
96 96
X
41 70
93 5
58 33
51 75
13 75
10 13
15 84
47 49
62 73
90 91
35 69
48 54
94 31
19 76
75 93
77 2
46 13
54 48
91 37
91 18
7 28
12 22
77 65
10 2
73 63
17 65
22 35
36 28
44 65
63 53
88 27
73 23
31 16
45 59
4 39
90 18
30 21
9 85
78 81
61 60
91 69
71 91
47 31
46 88
61 91
28 53
80 11
70 72
X
23 18
15 90
10 40
13 34
22 23
77 75
1 15
63 79
61 73
48 81
14 25
27 13
83 9
47 91
97 83
4 61
63 49
78 59
92 19
64 42
66 56
84 84
8 72
12 8
77 98
64 38
92 93
87 53
31 60
10 62
5 60
78 17
67 89
13 97
87 33
20 34
78 11
65 46
67 47
X
72 38
57 40
11 9
43 60
79 93
62 61
53 1
20 7
80 26
98 63
9 38
44 13
74 98
93 2
51 69
35 47
62 67
58 45
5 1
29 76
8 6
49 76
35 31
5 7
49 19
36 29
93 71
14 86
93 76
47 19
17 90
64 39
89 17
73 57
25 6
13 45
17 19
82 50
17 12
90 12
16 41
85 5
78 95
93 56
66 45
43 50
43 80
98 38
91 43
20 54
78 9
56 7
29 9
91 85
23 70
94 25
6 33
60 25
57 59
38 66
29 74
X
23 92
4 15
43 14
67 83
49 58
93 21
53 3
46 63
22 63
43 2
73 34
36 0
92 7
22 68
92 43
62 71
19 52
97 10
15 26
46 95
49 7
65 71
54 78
37 47
9 45
29 21
40 6
39 54
89 33
12 72
63 24
14 50
43 16
30 68
12 24
35 76
75 48
61 23
24 23
43 55
96 70
51 43
81 56
1 73
86 20
45 11
98 43
69 39
55 31
1 44
25 46
53 2
64 37
31 35
6 76
22 5
97 15
32 35
3 70
8 44
54 69
76 80
3 16
65 41
20 69
79 12
32 77
83 1
42 77
47 58
52 85
40 15
9 19
49 81
64 8
13 12
5 25
94 6
45 93
51 41
84 13
70 82
93 66
7 68
52 34
40 33
96 94
97 79
2 80
19 22
62 41
71 36
10 35
64 56
7 81
88 87
41 84
58 38
63 15
63 57
39 2
45 91
75 37
49 63
35 18
12 82
21 15
61 70
58 39
14 95
35 46
13 53
13 58
80 34
13 7
83 60
19 6
78 28
86 22
89 96
79 50
73 38
85 40
38 75
15 24
85 9
63 41
14 61
36 68
39 29
37 34
7 33
73 39
97 24
17 79
29 20
3 35
43 65
70 83
81 97
48 79
16 86
51 55
54 60
69 93
26 10
37 81
43 13
7 76
41 46
55 72
50 4
8 43
80 98
21 25
47 13
66 53
0 47
67 88
36 89
93 57
78 67
27 67
4 59
20 17
91 91
11 62
63 72
22 32
8 21
84 34
74 16
60 75
42 91
95 27
12 74
15 4
20 4
92 42
1 10
89 13
71 42
44 81
37 15
58 23
76 1
68 3
45 41
49 15
17 57
87 64
85 75
22 81
33 33
71 82
15 56
6 11
93 14
59 15
8 81
59 46
80 90
74 62
8 10
73 89
0 81
72 70
95 96
95 74
29 56
45 17
60 48
8 48
35 73
43 69
61 37
38 51
91 38
36 41
89 77
76 86
84 19
28 77
41 76
0 64
85 24
16 26
4 40
14 94
46 75
83 46
62 16
63 56
95 42
9 80
8 87
70 63
14 11
95 94
53 57
47 80
93 22
20 81
16 9
37 7
69 23
38 11
14 87
5 50
93 60
87 63
79 65
55 60
41 0
68 23
93 34
26 75
77 76
36 56
14 13
7 21
22 11
62 81
48 39
49 68
53 41
84 7
58 61
97 56
12 17
40 85
5 78
60 18
37 59
52 42
37 41
18 52
47 56
37 20
10 44
70 70
48 92
73 13
17 69
6 60
46 28
95 75
32 21
19 41
83 77
X
9 46
33 50
45 27
74 35
2 76
96 41
55 49
19 10
81 93
40 69
92 73
22 18
94 12
15 13
33 72
94 63
78 78
24 73
78 92
38 25
53 87
57 41
14 33
83 85
84 87
92 41
1 76
36 71
36 91
68 43
83 80
54 88
58 60
69 81
27 52
39 64
63 86
66 75
86 60
76 70
77 72
10 23
7 29
56 73
69 65
25 52
7 55
32 28
21 27
39 34
52 75
53 86
69 37
13 19
55 71
88 14
15 47
95 6
19 89
82 16
85 66
97 19
43 63
40 45
69 47
44 59
37 1
42 69
20 23
36 36
45 29
3 90
23 97
28 70
36 47
78 32
83 79
35 68
21 57
20 28
19 96
57 88
16 61
10 72
45 36
33 62
7 66
51 61
57 11
36 40
57 21
72 48
13 81
65 60
67 96
49 11
88 57
7 46
89 41
32 70
68 51
92 86
X
9 94
28 75
61 74
72 29
25 49
97 23
86 86
77 36
7 37
12 92
93 54
77 52
26 70
33 78
35 64
10 97
93 82
13 83
68 39
10 83
89 24
89 28
64 28
49 60
16 93
65 34
15 60
63 67
15 41
91 60
92 96
17 34
51 77
6 10
39 61
84 91
95 76
63 17
84 98
69 67
54 51
46 20
85 10
72 27
62 11
71 53
30 10
17 49
69 78
41 66
74 29
39 32
68 30
38 81
54 49
61 25
95 45
10 59
5 53
73 21
68 52
97 50
78 60
5 44
6 7
36 14
16 34
19 7
75 7
37 84
32 42
6 39
79 79
86 8
34 26
47 72
71 76
93 62
50 22
83 47
0 66
81 47
83 66
80 28
3 11
11 15
17 24
45 1
88 94
65 58
83 29
29 57
1 63
6 80
7 30
6 41
65 39
32 24
26 8
46 65
93 51
5 29
93 72
2 27
98 1
23 28
55 53
65 5
81 49
11 74
44 34
73 75
50 56
43 75
17 22
52 2
72 76
26 7
37 86
71 60
72 8
63 40
74 89
27 32
77 38
29 71
23 43
47 37
11 98
69 70
42 50
43 18
79 90
53 15
43 33
54 72
5 18
14 62
50 76
3 26
37 16
71 57
82 1
2 12
50 42
37 63
25 17
82 17
56 60
41 39
79 28
9 14
44 9
69 44
20 30
52 41
15 5
12 98
51 27
89 46
76 56
46 82
37 12
7 1
6 54
86 13
87 78
62 49
12 48
88 33
21 54
81 44
66 23
54 32
41 15
86 56
95 92
39 96
91 14
80 2
20 76
7 96
21 10
47 63
41 19
86 43
54 75
37 80
69 63
47 73
55 27
12 29
60 62
80 60
12 90
45 51
78 94
83 5
46 55
73 44
28 13
70 14
59 45
19 53
89 18
88 58
6 71
56 41
96 95
46 66
91 31
72 21
96 81
98 46
94 16
48 32
82 83
49 77
81 73
54 24
56 48
47 30
5 6
37 26
47 45
88 80
32 86
93 36
2 83
98 91
44 56
82 78
27 73
92 56
74 5
22 9
51 62
67 78
60 60
20 9
80 67
98 88
67 82
18 92
9 6
9 56
82 89
2 46
71 81
90 15
78 53
90 92
41 81
92 81
80 12
73 54
36 32
97 44
42 47
70 98
77 59
53 25
80 49
56 36
56 39
90 53
72 30
39 62
92 39
53 4
87 8
54 3
79 41
11 97
15 6
79 39
74 84
75 70
60 41
47 33
66 60
15 58
39 1
54 22
9 41
90 37
2 30
12 13
5 70
45 52
45 54
23 36
26 59
68 76
34 19
21 76
11 94
29 82
66 62
88 78
12 49
22 71
98 47
65 19
18 43
40 48
50 65
55 83
30 5
73 3
57 26
29 34
78 36
57 52
61 69
43 79
49 96
19 58
59 77
52 78
16 54
18 56
66 29
96 75
40 13
31 33
60 37
97 72
82 82
61 1
31 34
59 18
95 24
76 59
73 1
5 15
53 95
56 85
38 89
31 68
9 65
82 79
17 58
4 90
3 38
76 83
89 75
64 62
9 55
63 8
8 8
73 25
0 57
37 91
91 35
77 81
69 17
68 90
57 64
85 78
51 39
24 34
18 60
84 22
42 15
8 67
50 90
92 94
81 83
7 67
66 71
95 40
36 87
78 52
42 13
12 71
97 51
95 69
54 23
9 34
4 43
21 22
56 51
71 44
91 13
X
1 85
41 96
15 70
54 82
4 80
14 73
94 3
38 26
9 77
28 2
88 89
64 64
38 86
51 59
51 17
28 34
87 14
68 71
69 36
25 80
4 88
70 68
21 85
96 68
70 26
53 76
94 29
26 27
75 8
56 15
33 67
52 74
22 40
18 21
80 33
23 61
78 2
54 70
48 90
64 57
20 65
28 47
87 81
32 85
82 14
46 17
25 88
40 24
21 38
35 72
47 43
34 35
45 85
9 79
53 21
12 75
42 85
6 12
35 48
70 6
16 10
13 71
10 73
8 90
77 31
84 38
97 81
1 53
49 69
X
6 2
56 59
23 26
83 20
50 57
89 50
56 49
40 32
54 39
50 63
54 0
53 16
84 57
5 2
43 20
92 68
26 55
31 50
84 35
62 37
45 60
35 22
64 29
94 39
4 82
X
43 7
70 74
75 74
36 44
74 45
56 6
68 47
40 56
56 80
7 36
60 55
6 66
44 35
69 94
68 21
7 70
26 74
74 60
83 10
24 25
38 7
73 79
88 54
56 28
43 9
27 65
56 79
11 45
16 48
94 61
21 95
27 62
35 21
65 38
19 60
98 65
59 17
50 87
56 43
93 38
75 60
72 44
98 93
65 7
95 61
47 87
96 84
93 43
47 40
52 65
16 18
88 16
73 78
52 92
83 32
16 7
7 64
44 92
34 46
98 41
90 1
5 94
62 36
12 77
76 38
47 85
84 85
44 79
67 54
8 11
21 53
47 32
1 66
68 49
61 75
36 17
82 49
83 24
56 71
44 69
80 25
77 37
32 94
24 78
42 18
4 16
94 45
25 70
96 76
86 80
34 50
4 74
55 45
61 54
4 42
70 96
33 45
31 38
47 46
62 75
22 8
90 57
55 63
54 29
39 20
36 21
47 50
37 22
11 84
12 16
51 18
45 15
50 27
84 61
76 77
25 50
89 68
29 25
67 31
7 26
78 12
70 29
49 17
81 67
42 56
54 79
54 74
55 78
54 47
98 54
10 24
51 30
25 37
92 6
4 23
29 73
98 89
16 27
21 96
92 64
35 78
19 78
41 2
47 88
73 0
12 10
96 62
72 85
16 52
82 52
40 68
90 98
81 13
10 9
59 28
1 13
77 94
6 82
85 81
79 20
52 76
65 70
58 68
73 24
92 27
75 64
40 16
24 48
15 50
3 17
21 3
71 55
72 31
35 79
97 46
70 57
61 16
40 74
82 21
34 58
26 42
44 15
40 96
25 23
93 41
51 48
92 63
79 58
68 63
87 57
41 44
65 64
9 26
74 49
37 76
16 58
44 93
47 10
98 92
76 92
3 49
59 85
36 58
48 14
66 55
31 74
18 44
79 64
38 42
77 48
44 87
52 89
21 61
41 88
96 9
82 0
39 92
63 23
55 25
55 92
9 12
35 38
89 44
19 82
86 64
73 7
94 56
52 59
25 4
17 35
83 8
51 21
49 40
65 47
52 98
57 62
4 97
68 60
67 91
79 59
24 97
52 7
46 79
33 43
11 63
30 81
18 81
44 49
64 95
36 77
27 20
75 16
1 82
13 55
51 90
70 9
26 97
19 77
80 76
74 39
71 29
40 10
76 20
95 28
41 69
59 7
2 90
70 94
40 1
9 33
93 33
17 72
15 59
23 34
94 62
96 47
39 73
18 7
18 96
21 44
23 41
60 73
55 1
55 73
46 58
4 93
55 2
67 42
97 32
22 75
84 73
79 82
42 9
22 74
38 74
46 51
97 95
34 82
25 59
73 70
57 53
5 27
13 17
63 70
97 2
62 15
21 56
68 92
88 15
27 23
13 50
7 58
95 85
80 59
42 66
49 94
69 4
98 95
49 75
7 12
48 28
6 20
23 64
96 23
17 88
63 66
3 34
86 15
71 96
89 26
6 28
79 9
3 28
85 73
81 91
47 66
X
79 92
11 34
34 48
59 94
43 66
98 48
76 81
77 61
86 7
16 33
20 25
52 22
54 59
55 6
42 19
19 88
30 52
41 35
69 60
83 16
59 59
8 95
76 89
48 49
16 5
6 49
71 77
51 96
97 13
4 13
53 47
36 37
89 55
73 46
50 52
54 2
4 19
42 59
53 27
57 56
87 15
47 12
46 91
63 77
63 64
31 8
2 48
52 16
5 30
84 33
33 20
17 61
12 93
71 58
81 88
10 26
17 50
37 78
49 97
55 70
44 30
70 71
64 19
0 86
21 19
43 49
75 23
35 93
12 20
45 42
66 18
14 84
26 82
38 93
84 62
82 47
74 83
66 30
6 70
21 97
79 85
90 31
74 32
37 94
52 50
79 69
90 58
13 54
56 58
34 31
24 33
24 45
41 23
91 55
60 2
97 82
34 79
62 26
7 22
22 79
25 11
15 15
8 19
30 77
59 87
76 90
40 37
X
27 28
77 41
40 82
35 84
0 82
25 5
37 85
52 72
23 27
77 20
81 75
78 88
49 67
44 32
48 3
3 45
73 14
69 5
71 25
8 26
68 38
74 95
21 23
86 79
60 61
95 95
80 95
90 97
34 59
34 67
52 46
36 85
39 26
76 60
37 43
43 89
15 25
75 76
68 53
59 11
12 87
38 28
20 83
54 19
6 1
26 18
3 9
0 60
34 49
93 24
79 89
94 86
31 67
1 57
80 24
15 49
91 66
23 19
53 90
66 25
49 82
74 43
51 29
88 70
46 45
66 5
19 69
70 81
65 76
25 44
98 11
66 91
49 23
47 23
53 83
19 21
16 91
91 71
76 16
25 68
58 16
21 77
96 71
78 87
80 9
40 50
27 77
73 62
30 20
15 80
19 95
16 40
35 70
23 81
78 85
66 31
55 47
11 26
42 39
51 23
24 11
76 0
37 44
33 92
10 20
55 50
1 59
64 76
44 14
72 37
1 86
47 98
46 38
9 59
51 54
11 30
49 93
49 24
21 87
76 30
6 88
70 37
5 17
64 58
82 88
6 48
73 27
5 14
3 72
46 61
46 96
54 5
30 67
55 34
7 71
94 11
88 13
78 10
81 28
27 86
86 76
35 23
9 57
73 80
63 37
39 36
32 66
X
68 50
72 10
50 24
25 82
49 85
39 84
38 77
3 58
5 91
44 26
71 38
22 87
2 70
11 2
27 11
27 89
66 96
31 56
85 72
27 7
70 62
29 41
32 90
66 94
59 36
72 71
68 81
50 74
X
84 81
83 2
8 51
45 56
22 46
16 12
86 19
30 87
79 23
76 88
5 71
11 37
38 76
40 49
2 63
63 29
7 20
65 72
13 39
27 40
78 90
14 85
34 23
9 40
97 64
15 68
73 31
77 86
71 2
6 93
23 22
10 34
9 86
2 10
29 28
6 83
98 7
58 55
71 49
72 12
71 89
80 89
8 13
78 65
92 51
9 95
33 29
15 9
81 50
7 16
56 82
24 20
16 69
14 29
36 67
22 16
47 64
34 87
16 17
54 87
59 10
46 92
83 83
45 0
56 53
64 17
4 28
28 52
30 29
87 95
60 39
92 88
94 28
45 45
44 41
28 4
97 21
93 31
58 90
27 42
64 78
70 66
13 21
95 32
25 67
28 48
97 25
65 91
38 60
97 9
62 90
46 41
69 41
29 89
79 71
24 86
67 59
22 6
51 40
67 25
91 15
14 56
97 34
63 3
18 35
25 34
18 73
53 46
94 78
16 68
40 19
36 38
98 79
4 17
13 26
32 25
22 48
81 8
91 76
39 23
11 1
81 24
48 20
7 93
34 38
74 58
52 62
90 55
3 52
23 55
42 6
59 65
86 59
86 44
21 7
76 65
92 33
61 35
5 38
48 19
11 13
50 64
88 84
43 86
66 50
43 77
96 14
74 70
60 72
34 63
52 77
70 10
7 15
30 6
86 10
14 76
54 36
95 87
54 77
54 57
33 27
60 89
54 41
12 58
68 89
65 74
33 70
81 57
49 49
81 71
41 45
18 53
45 76
28 43
55 28
82 57
92 59
96 20
6 95
96 24
41 68
77 93
60 47
18 68
31 28
2 66
62 89
27 79
49 22
78 46
35 45
38 19
55 15
68 44
29 79
29 22
36 70
27 30
40 52
65 18
39 67
93 55
20 93
93 93
46 19
16 25
59 54
36 93
33 55
31 6
X
73 49
53 75
40 35
76 50
92 35
19 81
89 40
97 94
80 91
72 69
83 97
72 42
46 4
29 43
30 19
53 85
95 46
56 47
84 95
46 81
33 14
91 97
21 8
92 21
14 17
80 4
84 80
20 43
33 75
41 21
94 7
65 75
86 21
24 71
17 2
4 48
33 89
73 55
21 82
46 87
37 25
58 76
10 18
72 14
1 65
42 21
43 56
24 91
69 73
57 39
21 42
89 94
0 13
73 58
71 73
15 16
7 19
36 46
23 20
6 78
87 11
32 55
64 18
93 64
16 8
31 82
94 30
59 27
5 12
16 19
60 81
12 37
71 59
63 47
87 16
53 7
94 80
17 66
32 23
19 66
9 93
29 26
95 2
77 90
18 72
77 80
51 49
64 89
58 72
48 44
22 19
57 72
85 62
95 63
1 90
98 35
30 31
56 11
57 87
89 31
34 32
67 7
96 51
21 67
26 5
74 82
77 10
89 91
8 36
53 91
58 98
21 58
20 79
45 50
7 92
77 83
29 3
28 10
56 86
43 8
81 18
82 85
72 36
12 64
86 6
2 64
44 8
62 65
78 44
35 88
19 17
91 6
3 50
56 55
78 71
6 81
9 90
7 41
16 59
89 64
58 56
58 92
56 2
53 63
X
29 19
30 57
29 5
82 15
66 33
20 80
47 16
40 38
72 68
25 42
3 40
X
39 22
49 65
28 84
98 18
98 62
16 66
71 31
78 63
42 61
46 52
27 44
39 18
24 80
23 84
41 50
67 62
32 47
36 16
4 38
58 93
21 4
30 42
87 71
38 14
40 47
4 25
5 4
44 6
15 65
49 71
78 45
28 19
44 91
70 42
61 28
63 16
54 15
67 53
54 54
56 3
50 92
68 10
8 70
42 58
74 38
82 51
78 50
48 8
9 97
81 45
21 60
73 51
63 84
44 84
21 68
9 35
79 72
11 28
82 97
14 60
74 78
49 28
25 45
92 0
74 56
47 78
61 71
68 88
20 64
18 82
66 32
30 74
56 0
10 11
43 31
4 10
18 91
42 62
59 2
65 37
X
98 80
95 33
59 3
65 86
48 38
17 11
87 2
44 78
24 74
82 56
31 0
13 36
16 88
1 87
2 54
15 39
85 19
98 45
42 93
52 80
5 86
44 19
28 46
55 58
44 27
79 96
34 55
63 11
96 28
89 45
10 90
36 22
90 32
52 53
41 78
12 88
82 75
11 36
68 56
47 11
79 40
17 78
4 73
78 61
14 97
75 6
81 60
87 9
40 7
43 74
43 10
41 58
42 60
32 60
90 95
85 43
86 98
74 4
81 80
62 28
56 5
48 57
81 26
22 53
8 46
93 73
82 93
33 35
94 76
55 4
83 62
88 36
43 34
64 65
65 53
46 60
42 1
81 77
74 54
28 59
7 6
57 77
44 33
87 86
37 90
58 94
88 46
36 11
64 7
68 77
58 40
6 63
7 65
13 38
82 23
90 40
30 55
40 59
10 60
28 29
28 51
94 79
13 13
91 70
37 31
81 19
41 11
67 50
15 40
57 69
2 96
60 76
32 50
74 63
97 20
3 63
39 77
57 82
49 87
84 59
9 47
75 63
43 47
38 12
37 97
43 17
55 7
47 15
30 44
90 62
50 34
12 67
61 56
63 10
91 67
7 35
40 75
26 39
90 83
63 82
75 61
35 65
79 68
89 97
39 27
64 80
58 83
35 95
26 87
84 68
68 32
84 37
23 74
3 76
15 8
48 35
85 61
34 81
59 55
36 48
19 42
44 77
79 63
72 51
62 78
39 89
43 71
84 64
27 59
98 96
54 26
66 89
16 97
60 36
35 94
40 78
76 57
80 31
36 80
18 25
89 90
7 87
5 19
82 67
18 26
54 80
12 86
22 92
2 72
20 21
39 35
4 65
34 25
48 68
87 41
31 42
24 76
71 54
46 7
22 47
12 91
11 66
70 28
41 63
62 94
55 24
29 80
39 86
75 75
53 56
56 32
21 9
9 44
3 23
95 25
52 4
78 3
33 39
8 23
65 44
60 23
3 7
49 73
35 15
13 11
83 84
62 64
8 85
88 96
53 51
23 44
39 55
47 54
24 89
78 19
71 30
69 29
38 55
58 66
75 45
67 48
28 33
15 92
50 38
57 91
77 33
6 68
96 2
35 60
58 9
92 15
34 64
3 83
14 79
67 5
54 44
9 16
4 34
16 49
17 56
64 47
24 60
X
86 70
59 47
62 24
24 12
36 7
45 79
81 98
80 79
76 63
62 30
97 33
53 19
91 24
41 73
0 97
27 53
10 74
29 91
28 22
30 33
0 73
28 1
13 35
27 47
76 19
71 26
97 71
36 23
88 42
60 33
59 90
66 72
14 90
95 58
23 15
13 44
19 8
61 72
58 3
24 31
62 80
94 34
36 19
26 34
31 69
20 95
16 3
17 27
74 71
68 84
1 61
67 75
30 0
25 72
91 58
45 89
97 39
89 57
28 67
1 81
4 54
64 82
8 27
52 64
37 61
27 61
39 25
78 20
55 40
64 55
50 88
82 18
80 0
0 14
96 10
98 32
30 18
32 18
20 10
70 93
60 82
68 26
65 9
58 14
71 64
91 5
64 98
35 56
20 46
46 15
46 78
63 2
86 77
89 85
52 33
78 30
21 74
6 61
38 23
90 61
1 70
60 28
38 22
X
76 85
50 29
85 76
45 5
75 25
70 48
X
13 84
69 26
97 3
74 6
89 22
93 70
27 29
4 85
63 93
84 36
13 22
14 93
69 62
15 69
51 9
52 45
88 32
46 49
5 88
27 75
27 81
44 10
81 46
16 13
96 53
40 11
57 95
86 62
68 75
33 88
97 22
47 42
26 48
73 60
45 86
90 41
14 3
7 5
9 49
56 25
13 74
X
30 80
2 82
24 4
26 43
42 76
18 16
39 39
80 48
77 43
37 13
8 3
80 97
2 77
60 66
9 11
36 51
57 25
75 65
57 46
25 77
78 55
4 5
55 61
28 32
83 7
71 94
25 47
42 44
76 64
36 82
26 15
73 81
75 82
98 14
57 28
21 93
40 17
3 60
49 30
38 53
52 58
32 36
68 41
69 97
4 29
7 97
80 61
62 76
25 24
54 46
39 75
34 47
22 98
28 27
89 38
39 83
61 40
28 23
69 7
32 46
55 98
79 8
10 85
76 75
81 72
18 98
91 54
79 66
45 47
23 24
54 12
31 17
72 9
33 71
18 34
9 32
37 37
35 33
40 22
11 60
75 29
43 61
15 66
69 30
81 7
94 14
8 79
50 50
79 44
98 94
84 82
72 65
48 75
79 88
11 90
57 57
65 95
58 43
18 80
61 59
89 66
59 89
54 42
30 41
93 37
43 19
86 5
3 39
81 69
70 97
41 95
65 83
27 6
30 91
26 81
22 57
33 69
36 95
40 14
85 34
97 49
69 50
4 56
70 30
38 62
27 43
71 90
10 22
29 35
75 1
7 86
66 3
59 63
49 3
25 20
35 7
80 8
47 24
63 12
26 49
7 9
14 21
65 6
23 13
65 28
3 80
36 94
49 41
5 47
8 53
81 89
12 53
79 16
57 32
12 79
48 64
52 23
86 14
96 25
44 20
96 33
27 87
46 59
67 46
81 95
63 55
91 75
41 1
2 65
89 54
37 56
51 85
27 12
81 36
68 55
64 41
86 63
8 63
58 97
23 82
32 78
41 74
80 64
85 79
9 69
92 67
70 21
56 22
74 24
65 30
59 24
48 73
2 29
44 61
74 96
47 67
69 64
87 90
19 75
55 36
75 78
77 1
92 28
51 65
97 69
80 57
62 10
9 37
65 96
35 36
75 94
21 91
72 35
77 70
68 29
32 89
21 11
17 33
91 21
7 84
62 39
15 1
79 83
23 17
78 23
91 59
96 74
45 66
80 77
21 16
11 70
74 91
62 35
57 60
92 54
32 63
23 33
79 3
73 83
63 78
74 55
8 42
91 74
12 47
67 94
3 73
30 89
75 32
16 47
1 88
75 24
71 79
17 28
81 90
89 43
9 87
73 74
48 53
31 97
88 51
29 45
5 48
48 17
65 12
48 41
59 39
14 34
48 74
16 15
34 91
4 58
85 65
15 98
63 61
43 3
66 73
47 1
71 48
68 40
65 11
2 56
35 25
57 24
51 38
46 54
9 96
13 10
89 82
27 27
90 93
26 91
35 51
60 3
66 85
32 93
29 49
62 12
71 12
43 83
26 26
71 10
77 66
55 12
46 89
4 26
13 70
24 39
0 52
11 19
80 82
29 67
84 18
93 12
9 91
79 11
19 9
42 16
37 65
1 56
32 16
56 57
8 75
32 14
41 49
81 94
15 83
45 88
67 93
74 34
44 18
22 38
95 97
10 19
5 21
26 37
64 71
33 23
25 89
7 14
65 51
34 20
55 51
64 45
58 42
89 42
16 96
18 18
17 80
22 55
6 51
15 79
41 77
11 89
31 80
15 18
0 93
60 35
73 42
36 60
89 63
67 51
65 52
32 15
28 73
86 85
14 80
6 47
51 64
25 92
91 83
54 28
63 54
74 40
88 64
64 12
35 43
16 70
31 98
82 6
71 72
57 54
69 92
76 44
34 36
11 75
17 98
55 55
4 20
18 64
50 60
42 79
9 17
27 4
53 43
20 82
45 10
58 53
55 89
57 6
65 45
89 12
91 42
69 2
33 28
84 32
48 65
7 48
5 67
1 95
3 19
18 57
8 56
79 24
93 83
6 37
84 76
51 35
63 85
48 93
18 33
34 13
56 12
16 60
89 98
97 63
83 48
50 39
88 24
21 24
14 64
70 35
22 15
82 22
58 15
57 5
41 60
91 40
77 68
29 66
29 10
51 57
50 58
44 63
21 62
61 55
69 49
44 16
80 78
8 16
45 28
17 10
2 25
66 59
93 42
14 63
9 71
82 32
7 38
38 13
8 29
28 7
62 48
57 94
89 32
34 69
58 31
54 4
47 38
51 42
28 15
22 93
37 46
91 96
11 65
83 22
66 90
43 35
65 50
72 45
89 8
5 42
74 81
7 95
32 82
79 56
37 60
89 71
43 93
25 32
90 52
15 33
60 59
19 24
97 62
31 66
82 92
56 14
10 36
4 24
71 33
5 11
10 25
41 59
80 68
7 78
46 80
63 26
1 94
91 7
14 37
40 39
7 50
9 78
95 86
91 36
14 14
56 78
87 92
90 20
57 75
15 52
72 39
90 34
31 23
45 8
58 64
48 33
81 29
57 79
31 45
40 53
3 59
70 45
98 70
45 21
38 83
58 73
70 73
55 13
47 35
53 37
96 21
62 70
0 21
34 62
95 83
84 16
59 84
59 91
20 77
58 34
81 0
57 83
71 51
83 34
85 8
94 64
88 35
82 7
45 78
91 82
X
49 8
16 89
45 34
58 79
20 78
48 27
11 12
38 94
24 43
64 11
96 15
88 6
51 89
19 51
44 94
6 25
85 86
19 56
6 16
19 55
6 4
96 39
89 23
55 38
88 45
86 73
17 4
26 61
47 62
46 34
95 43
39 16
97 47
82 87
38 65
19 90
64 10
62 29
41 93
96 69
41 17
17 81
22 94
10 42
65 93
19 33
6 6
98 86
77 40
55 76
30 97
71 56
47 9
90 23
66 86
93 16
53 22
3 67
79 22
95 41
17 51
92 16
15 42
79 45
30 85
92 62
81 33
29 32
93 79
57 47
21 69
46 39
55 0
72 22
78 4
78 37
61 39
37 18
66 7
98 53
91 19
60 6
96 64
71 71
10 55
51 22
68 54
85 33
9 21
17 41
21 33
66 84
36 81
28 8
86 38
14 47
82 98
14 15
6 32
65 40
75 88
82 53
17 1
2 52
38 17
37 53
14 8
70 5
60 17
12 11
36 25
73 85
61 80
69 71
59 60
70 13
23 39
27 84
1 52
95 29
26 40
27 80
32 79
20 18
66 47
73 87
56 84
10 94
40 87
39 6
4 12
41 82
48 94
77 22
6 3
96 46
59 25
22 12
43 36
16 51
51 58
65 59
53 49
38 46
36 66
85 56
48 21
45 49
2 13
32 26
29 29
84 4
42 48
34 77
17 68
49 89
76 21
20 98
79 4
57 68
51 2
96 90
71 65
32 87
14 57
42 96
53 67
86 55
91 93
9 15
59 33
50 30
67 92
57 44
72 87
48 13
67 61
43 70
77 64
64 2
50 6
85 74
2 34
49 34
4 7
98 49
4 77
10 14
28 17
37 14
1 47
36 92
55 39
59 61
12 27
61 78
17 3
18 41
9 43
81 20
77 88
33 82
61 63
33 22
73 82
29 90
35 40
24 27
86 36
88 81
87 98
19 93
40 90
5 40
63 83
72 49
32 33
54 91
71 43
19 92
19 65
55 94
29 85
55 48
22 65
73 98
88 26
29 51
90 33
38 41
51 76
59 41
72 46
95 71
28 81
5 96
70 61
88 93
90 44
50 71
92 89
3 66
15 14
3 18
50 28
4 86
87 24
2 47
23 83
20 51
61 83
9 2
47 65
47 51
75 17
6 5
98 16
96 3
44 21
72 13
66 61
32 51
59 73
55 16
50 55
42 82
17 73
97 58
81 2
89 83
4 22
42 88
45 22
3 87
82 76
35 83
77 50
49 13
90 94
4 81
52 35
17 64
91 12
21 63
88 17
65 89
4 31
76 73
49 16
53 82
15 51
95 0
64 90
34 39
36 83
93 7
14 12
84 56
6 24
47 61
51 92
94 72
6 64
5 35
74 7
78 33
63 98
48 36
13 4
88 95
66 21
82 24
55 59
16 95
91 25
49 18
89 78
63 44
87 42
81 23
94 23
5 45
12 73
42 49
24 69
82 55
92 13
74 25
48 34
42 94
15 2
79 29
12 34
46 43
26 25
62 23
65 32
53 62
1 67
47 96
51 8
68 22
24 40
X
3 88
88 49
84 77
48 91
89 37
45 68
86 12
62 72
63 46
73 56
12 9
67 23
13 8
6 36
50 2
97 93
72 86
96 22
5 16
92 5
6 96
72 63
53 79
38 61
76 40
53 69
25 93
38 71
18 12
90 66
43 48
44 11
24 49
51 60
74 57
48 48
46 44
57 55
35 85
36 64
73 37
49 21
70 92
0 59
92 38
8 22
38 90
49 86
77 54
70 90
78 89
74 36
91 26
3 81
17 97
26 89
49 44
93 80
33 74
1 69
89 56
33 95
96 50
83 70
83 56
84 86
71 63
95 36
9 83
45 58
76 42
83 19
42 80
22 10
70 89
54 61
40 44
58 96
35 58
84 2
15 95
72 53
58 11
81 78
60 91
25 87
54 73
43 68
3 74
49 54
96 78
7 40
25 33
33 34
47 17
24 44
68 61
19 15
X
13 49
87 55
22 60
40 20
75 81
77 62
75 43
11 85
16 14
52 83
39 19
42 2
85 17
25 26
13 82
19 74
6 8
51 52
23 5
37 48
5 39
28 18
15 3
83 63
40 84
15 94
82 10
27 8
19 43
68 62
54 25
48 52
19 91
35 59
11 57
54 14
72 2
58 91
50 8
23 4
53 40
77 55
34 27
82 70
30 93
90 21
82 96
57 7
25 35
26 50
77 49
35 27
13 96
25 43
6 72
75 89
14 82
22 2
25 86
23 16
53 58
91 45
36 57
31 81
70 60
2 97
5 28
38 36
10 88
38 80
45 19
31 70
2 67
13 37
76 15
75 54
50 66
3 71
56 45
71 50
60 90
78 22
55 56
52 82
39 10
17 9
21 92
53 84
5 8
15 19
80 75
47 18
70 55
85 55
7 32
66 26
69 96
28 16
10 82
97 66
14 26
81 9
73 94
43 11
7 47
97 37
63 42
36 61
57 67
29 30
6 75
12 45
40 46
90 86
33 37
53 77
53 54
49 39
44 17
27 69
3 91
7 11
56 72
69 74
58 46
23 30
74 93
91 53
47 79
28 12
22 4
74 59
20 59
11 21
50 53
75 87
53 64
74 9
88 56
79 37
68 78
12 42
86 94
19 23
30 17
82 95
41 24
47 36
62 40
58 95
28 69
82 58
19 68
50 75
42 38
9 8
56 8
4 45
39 65
25 54
91 95
4 95
32 38
32 97
38 21
23 1
41 8
32 34
7 52
42 84
55 91
84 75
80 44
70 54
56 83
47 8
51 47
95 62
25 58
8 14
84 23
46 32
37 64
84 60
77 28
51 24
91 65
35 71
19 40
74 74
57 81
88 55
57 74
11 20
76 29
65 98
74 18
2 51
81 22
25 97
64 24
80 10
44 80
50 33
62 79
98 0
66 87
77 78
41 55
95 37
25 29
38 59
8 4
2 19
16 0
63 91
3 56
46 56
83 69
61 62
40 55
61 38
65 63
12 78
80 58
55 84
90 56
49 35
64 91
18 51
83 90
89 58
77 12
81 14
8 88
8 18
72 73
2 88
81 68
20 16
7 83
6 52
10 91
61 66
70 36
28 3
69 48
54 11
2 87
18 42
34 72
38 48
87 70
41 27
12 28
72 60
84 5
18 29
12 59
39 48
55 69
4 63
61 93
78 18
83 68
57 85
80 63
45 67
82 9
24 15
54 71
48 96
30 2
8 83
25 69
56 10
63 71
22 72
39 14
44 76
85 60
85 31
8 66
88 88
63 94
19 45
11 23
5 0
19 16
24 46
52 8
45 95
94 81
26 90
7 74
43 72
38 56
94 69
4 21
28 40
25 62
23 31
88 8
66 65
60 83
35 87
73 33
72 56
X
65 80
87 6
56 62
62 7
74 2
24 3
18 1
29 98
7 59
38 67
27 66
45 16
77 60
84 17
66 95
30 46
79 95
79 38
85 50
70 3
3 64
43 15
66 58
61 2
83 75
24 18
71 9
73 61
74 23
3 86
37 58
93 6
8 92
68 91
49 51
67 2
89 76
42 74
38 79
88 12
75 80
12 83
30 32
38 52
34 85
1 30
72 59
5 69
10 65
83 65
10 39
91 30
35 20
5 5
49 59
64 27
27 5
28 64
96 83
97 41
49 4
87 32
98 82
91 23
88 52
2 9
73 10
29 40
16 84
72 1
94 35
5 83
68 70
23 56
82 40
85 83
90 25
27 76
45 75
87 76
29 23
24 22
66 82
94 24
13 91
11 41
6 38
74 3
87 50
87 22
14 92
1 58
12 96
94 32
50 23
6 22
8 98
72 43
0 11
39 15
89 14
14 75
77 73
49 50
67 9
75 58
83 74
32 67
55 80
48 58
13 85
0 77
46 77
4 9
87 83
12 39
80 5
49 5
45 62
39 60
83 93
14 24
26 14
84 51
56 21
34 37
13 47
70 47
58 37
96 48
90 67
46 62
53 12
0 96
49 72
85 84
52 9
34 11
38 85
74 30
7 77
76 36
5 95
41 41
7 63
9 10
39 85
77 85
6 55
93 92
53 53
12 23
22 96
42 12
22 56
75 86
X
83 81
23 45
59 62
10 92
8 74
58 81
30 51
41 86
38 45
16 80
69 89
22 85
81 92
35 0
75 59
17 77
41 7
21 98
16 65
74 31
61 94
39 50
5 84
22 45
53 50
59 23
68 72
26 46
73 77
85 29
32 37
48 80
15 22
83 18
28 71
76 43
55 43
86 31
11 27
27 49
18 93
2 23
26 84
82 91
3 22
24 47
98 44
81 3
76 84
26 88
26 86
2 60
89 39
46 53
42 57
69 52
57 86
59 68
14 10
56 24
3 54
36 84
47 57
4 53
36 79
68 11
30 25
8 89
26 60
44 24
39 49
58 22
82 34
83 91
60 80
87 36
47 41
81 10
67 95
86 87
49 20
78 96
16 11
21 31
47 94
92 95
89 69
98 22
81 55
10 77
51 72
60 68
4 67
19 79
90 74
22 64
57 63
33 68
14 5
72 93
56 44
92 74
17 18
59 67
46 5
55 14
8 38
76 35
71 93
82 84
49 91
22 39
95 30
21 59
51 95
43 92
49 38
61 81
78 21
75 71
6 44
12 63
33 94
50 5
98 39
73 93
92 31
26 47
36 78
57 10
79 47
39 46
98 67
82 26
32 1
3 69
39 43
21 39
5 85
7 3
56 98
85 53
88 90
17 13
18 74
43 78
49 45
61 17
13 15
42 75
55 33
16 90
30 48
71 74
84 40
34 24
19 54
51 33
14 48
18 22
1 96
31 87
60 67
26 44
97 38
29 6
46 50
52 47
59 6
98 9
91 68
8 86
16 42
55 62
85 37
60 88
63 31
48 59
59 95
92 3
49 52
89 25
67 60
56 23
8 55
50 85
91 77
98 10
9 64
28 28
14 28
3 10
26 62
6 45
67 98
14 4
92 36
46 11
3 92
33 15
76 51
2 11
84 52
64 3
75 53
83 12
72 4
80 29
37 28
30 23
33 48
68 37
89 35
14 96
9 36
46 71
60 70
66 98
28 61
44 47
16 22
73 30
61 41
1 46
29 2
50 40
45 55
66 19
49 46
6 9
27 3
70 27
93 59
95 89
6 46
69 66
18 63
22 14
73 22
80 86
44 29
18 3
98 34
8 39
34 57
0 87
43 85
68 83
8 54
40 86
18 95
60 1
79 31
93 39
50 36
44 75
20 2
31 21
2 73
62 17
5 13
58 24
6 43
74 0
71 14
83 25
2 89
41 6
93 94
2 94
87 45
9 3
73 73
17 70
87 94
7 61
64 25
42 83
77 34
76 61
78 64
11 76
91 62
46 9
93 23
21 12
63 27
24 57
83 14
22 1
9 54
X
16 6
11 29
35 66
61 9
67 32
82 35
76 49
57 13
36 24
56 4
26 20
37 17
45 25
11 87
50 59
57 29
7 56
52 40
64 43
34 56
11 48
94 53
69 6
37 57
2 26
20 56
7 39
20 71
38 6
38 44
85 98
81 70
79 46
63 48
26 79
51 80
94 58
65 33
13 60
69 82
23 93
21 14
79 57
82 90
66 92
23 91
75 36
53 13
56 56
92 37
29 33
72 61
64 85
13 20
22 91
90 72
97 55
87 91
57 96
33 13
9 66
66 74
84 29
30 45
62 92
93 88
67 30
33 86
73 18
31 40
76 91
85 30
30 66
67 43
77 84
48 76
56 68
66 88
55 52
44 55
12 36
54 20
79 33
77 15
72 24
14 70
85 11
94 22
32 80
27 48
40 3
61 84
3 55
51 7
39 63
10 45
46 76
33 93
8 28
37 96
24 52
97 54
80 3
53 97
43 76
62 59
73 26
56 92
7 88
7 27
66 52
28 14
33 60
97 48
24 38
60 64
11 18
82 68
45 94
96 31
76 55
46 35
65 82
54 43
66 27
17 95
65 73
22 66
40 89
37 35
14 81
93 28
3 53
70 24
56 90
32 65
10 47
93 74
51 6
87 54
9 72
24 93
48 71
32 49
36 65
44 31
15 21
49 2
51 81
81 84
24 82
19 64
24 88
15 20
35 8
85 67
37 89
88 44
79 34
47 29
84 25
47 82
2 24
67 84
97 85
54 53
80 56
22 17
30 50
53 66
0 58
68 93
8 9
25 31
70 52
52 39
84 28
41 18
67 79
94 5
22 77
62 83
31 79
60 74
90 82
86 9
50 61
13 92
91 94
50 35
38 87
31 36
96 59
87 73
0 53
43 24
72 55
74 80
13 56
28 44
94 93
37 29
90 75
72 57
96 38
87 88
4 55
34 78
40 79
44 67
X
38 64
60 27
39 66
18 97
89 70
30 83
71 97
56 67
98 21
12 94
5 31
88 71
61 92
5 64
27 22
64 61
84 67
76 22
7 8
38 20
7 75
57 22
45 87
77 63
X
55 68
86 78
92 44
93 89
16 98
90 96
30 94
10 33
10 54
26 35
20 35
4 41
95 44
34 89
42 14
33 79
13 88
14 83
16 1
32 71
59 79
32 91
11 88
43 67
57 42
15 97
28 20
17 93
54 89
73 4
23 23
11 25
61 90
68 48
84 8
16 29
22 73
64 75
81 31
18 14
54 52
50 18
79 73
79 2
97 53
67 58
52 95
17 26
38 32
57 12
2 61
83 78
39 52
58 62
42 45
16 57
42 65
87 13
22 7
8 64
35 80
78 70
34 18
80 96
34 34
64 26
58 32
47 44
37 95
9 98
63 65
51 68
16 4
22 62
57 9
94 54
26 23
66 24
51 3
20 52
15 86
48 7
95 88
95 9
56 34
20 33
94 68
65 81
38 27
97 86
2 91
31 90
92 20
34 21
14 78
2 57
95 80
73 76
59 72
72 3
78 13
25 21
5 59
59 4
24 16
25 25
38 96
93 77
1 9
5 41
25 41
46 16
12 60
23 12
87 31
58 18
37 49
93 13
67 71
91 27
26 22
5 63
33 24
55 44
41 56
58 67
58 47
51 74
14 27
67 10
56 26
4 68
53 29
3 33
9 76
32 6
75 34
73 20
89 92
97 96
20 39
3 1
88 66
88 63
46 1
91 39
19 25
30 40
95 82
24 61
43 91
X
11 11
35 29
63 18
79 13
74 76
35 86
49 27
70 49
13 72
64 93
75 92
54 85
69 95
23 40
65 92
86 33
8 7
11 14
96 72
89 93
24 56
80 20
38 73
91 51
45 46
80 85
40 73
10 98
9 58
87 74
15 72
73 8
69 3
2 81
8 25
48 46
53 14
91 41
56 38
49 47
59 74
49 29
51 20
68 17
88 11
61 49
46 46
46 8
66 80
68 82
42 87
54 56
21 35
74 17
38 50
71 78
34 45
22 31
13 29
56 95
31 1
39 91
33 19
25 83
69 79
82 69
32 88
76 62
83 33
46 14
58 6
77 92
73 88
67 3
35 14
72 34
83 17
36 76
50 3
69 61
9 18
21 79
80 7
59 29
14 55
90 16
47 55
96 85
29 77
9 51
57 27
37 55
50 78
51 5
82 8
95 13
97 4
22 34
11 24
96 40
75 73
8 77
96 93
31 20
21 55
70 22
15 55
94 43
43 6
37 45
11 67
94 57
87 4
8 35
96 92
62 38
81 17
33 65
89 80
86 11
49 92
23 60
91 1
3 85
24 72
6 86
3 96
24 13
54 13
10 3
57 38
4 64
57 45
25 55
43 21
6 67
13 25
56 89
88 82
22 58
94 13
6 34
94 33
70 65
33 85
48 67
34 14
43 88
95 53
44 5
4 27
50 21
27 10
70 67
95 81
59 78
95 56
20 19
0 65
24 21
95 98
91 50
74 50
6 19
65 43
98 33
37 21
44 57
11 42
75 40
13 94
11 68
66 6
23 76
57 20
18 11
61 27
58 65
35 17
16 28
96 65
16 24
84 89
98 12
86 74
38 82
13 63
48 72
32 22
80 32
80 15
69 40
48 82
3 84
59 70
24 87
4 78
77 42
75 44
80 94
54 6
79 94
54 16
62 60
82 19
47 93
95 68
70 50
8 76
87 93
62 77
29 46
45 35
74 86
15 85
69 31
35 13
73 2
66 70
96 43
96 91
96 63
62 8
14 58
12 97
11 40
26 77
76 34
20 8
72 95
85 64
86 65
13 98
80 55
92 45
90 43
55 90
41 87
74 10
66 51
61 10
6 79
64 86
23 38
93 90
68 4
69 80
35 89
49 80
62 27
X
29 18
10 41
96 44
2 14
23 69
14 16
88 86
5 89
12 40
83 35
97 42
49 36
48 42
52 79
57 93
30 35
X
48 63
10 48
15 57
39 80
12 30
5 9
18 78
35 77
53 81
6 77
90 59
78 34
2 68
49 64
93 3
43 81
45 26
74 8
X
60 29
X
15 64
26 12
1 68
38 37
X
X
X
X
56 29
X
36 62
39 11
22 95
14 18
92 92
29 4
55 5
27 91
50 79
11 72
X
85 25
95 14
X
4 51
56 87
X
X
39 97
28 83
0 15
X
94 46
X
X
X
52 6
76 66
X
X
55 88
85 16
48 50
X
X
X
X
86 54
20 70
90 26
67 77
X
0 98
1 27
14 88
39 53
X
30 15
79 61
88 83
X
23 35
0 95
39 57
20 27
91 4
45 24
X
72 47
75 91
83 61
96 89
X
81 96
X
55 79
33 17
53 45
X
87 35
27 41
50 67
X
62 88
X
X
X
41 48
X
87 80
X
55 46
31 26
5 87
87 52
97 67
94 55
39 51
6 40
X
X
X
40 60
X
74 87
27 39
X
83 38
X
X
75 30
X
X
X
70 20
48 85
91 34
X
18 75
23 7
51 51
X
31 86
X
31 57
24 36
X
X
63 76
93 27
27 34
X
X
54 58
95 78
X
77 51
X
92 70
78 31
X
12 1
X
X
17 96
76 71
46 18
90 51
X
9 67
27 83
73 86
41 38
18 62
27 78
X
30 39
43 28
8 40
X
X
47 59
X
X
X
47 7
X
52 21
76 53
X
40 12
31 2
42 95
85 80
X
X
X
39 44
8 91
X
0 68
60 53
X
59 40
49 57
53 74
62 25
X
61 29
X
X
17 16
55 85
X
78 79
20 62
X
28 91
X
X
29 75
58 7
79 84
X
2 86
23 90
X
48 45
38 0
18 28
65 62
X
60 86
80 54
89 62
X
9 25
43 59
X
3 12
X
12 6
X
X
56 52
77 89
X
X
66 40
6 98
50 72
27 21
X
87 49
X
34 41
X
X
0 69
67 45
X
31 32
86 41
24 84
X
85 52
28 78
49 12
57 51
22 69
37 87
X
X
52 91
X
42 5
X
X
78 15
X
X
85 20
X
71 34
29 42
81 85
X
4 76
5 74
X
88 41
21 28
22 42
0 50
22 44
36 50
32 3
29 50
X
68 42
67 63
59 71
X
34 95
79 5
X
X
X
X
X
X
8 96
X
59 66
46 64
X
X
94 83
42 78
65 69
X
X
63 7
17 54
81 48
70 80
X
X
2 0
67 70
X
77 91
X
82 74
39 82
31 25
X
X
96 32
X
10 93
X
78 35
X
X
86 83
X
80 45
75 46
47 6
X
X
X
66 66
X
7 2
32 31
X
57 34
5 51
15 96
88 53
X
X
37 36
58 57
X
X
44 96
88 28
97 43
12 7
X
87 43
77 24
60 71
61 65
X
X
90 17
X
60 85
X
38 1
47 60
2 49
5 97
X
X
7 80
X
X
X
12 25
X
28 42
X
X
94 77
83 67
45 37
4 71
95 64
50 62
11 69
17 84
39 90
80 22
51 86
22 13
X
X
X
31 39
88 5
77 13
28 72
40 9
X
X
13 77
93 78
53 59
13 59
85 35
4 94
X
29 81
X
X
38 68
X
55 19
34 88
94 59
X
96 11
46 33
12 46
37 66
87 85
73 43
X
50 7
15 77
5 90
X
24 53
X
15 53
40 23
28 49
X
X
77 69
X
X
6 94
69 83
X
39 45
X
X
X
X
X
X
X
90 63
56 31
X
90 70
94 70
X
3 30
51 4
X
X
92 22
30 43
X
X
40 77
52 51
70 31
X
13 89
65 17
67 57
X
15 91
71 70
X
X
35 39
X
98 31
X
85 51
X
57 33
47 28
X
98 71
X
11 54
X
X
24 94
41 57
6 42
X
81 66
29 37
82 48
X
8 57
33 26
X
32 41
X
44 60
X
X
43 53
X
X
69 22
65 90
83 26
X
8 50
61 89
X
X
X
X
X
15 71
93 91
20 72
61 47
5 10
75 33
X
51 50
X
X
13 79
18 59
X
17 6
41 75
97 57
80 92
X
X
66 34
57 23
X
X
76 23
65 65
X
X
11 56
95 70
X
X
38 31
X
X
X
X
X
7 7
6 26
X
X
X
X
X
61 26
X
X
75 72
55 32
62 51
X
27 90
44 37
X
13 14
24 26
30 37
56 42
X
44 58
X
84 65
X
87 38
23 2
96 49
57 73
61 36
62 9
68 24
70 8
X
80 93
80 65
95 65
59 92
X
X
X
X
36 45
44 90
70 95
17 91
X
18 71
42 10
X
91 44
18 19
X
94 27
80 1
45 82
X
X
15 34
X
53 18
65 8
90 65
11 59
11 22
33 11
45 40
13 23
X
23 75
48 60
96 36
X
X
X
X
X
48 31
80 30
X
91 92
X
X
5 33
33 66
19 57
7 10
X
86 42
X
43 62
53 17
71 7
X
X
X
65 48
71 32
X
10 68
29 97
X
54 38
83 95
37 77
X
X
82 31
78 14
45 43
56 33
52 56
86 18
X
29 68
8 49
11 86
28 80
23 47
83 40
X
95 47
98 78
X
X
X
9 60
42 24
93 69
11 8
X
17 40
X
73 16
68 80
43 1
31 92
80 47
16 81
25 30
60 56
70 44
X
X
X
8 41
X
X
36 86
48 56
8 47
91 63
17 17
X
X
44 50
10 37
10 32
96 26
47 70
X
27 82
78 82
X
58 26
X
58 21
X
20 41
38 58
X
X
X
25 53
52 60
X
X
84 79
13 61
67 74
58 80
X
X
89 53
39 68
X
67 22
74 64
X
79 14
X
X
65 49
X
13 16
94 92
54 1
56 69
94 37
X
82 20
24 59
90 46
74 21
1 19
38 33
X
41 67
91 98
X
X
42 63
X
X
54 21
91 16
84 1
86 53
X
X
X
X
32 2
X
X
4 49
98 51
21 17
17 5
47 52
98 68
X
81 86
22 30
97 92
X
X
10 17
X
X
X
X
98 50
31 93
5 20
35 19
X
30 98
X
48 77
X
4 69
X
X
X
X
X
46 21
69 55
X
61 85
X
91 20
33 87
X
X
51 34
17 7
X
10 21
X
X
67 41
87 46
21 29
26 76
31 71
X
X
X
11 91
X
X
30 26
20 42
X
76 28
X
X
1 72
3 27
X
X
X
76 24
50 48
X
69 68
X
63 35
27 98
83 86
20 58
X
X
54 86
75 51
X
33 18
94 44
87 44
44 48
X
77 67
X
X
5 55
1 64
79 15
X
X
69 90
X
X
59 96
21 2
X
30 30
19 80
77 17
67 55
69 53
X
63 25
14 7
X
28 57
67 81
76 87
87 7
X
20 14
X
X
X
21 72
66 83
1 48
56 9
X
90 76
35 10
58 85
86 37
95 39
X
33 38
15 27
14 69
6 21
27 58
4 50
83 94
8 30
24 75
28 58
40 25
X
X
53 80
19 73
73 95
X
61 77
X
X
X
27 60
X
10 67
X
X
X
3 32
64 59
72 89
64 96
18 5
X
26 28
X
X
37 92
X
X
X
X
X
41 10
X
X
X
X
X
X
X
X
X
X
62 93
X
88 2
X
X
31 94
69 72
97 59
75 21
X
X
7 4
13 86
X
X
76 78
X
23 72
73 35
X
X
67 26
11 33
X
74 92
23 37
26 73
5 61
2 59
13 40
X
X
X
X
28 50
X
26 78
X
54 90
77 21
X
95 77
X
77 45
X
X
82 73
41 92
X
X
39 17
X
X
90 0
X
X
X
X
55 82
X
X
35 49
21 94
X
11 61
X
63 75
74 22
X
X
15 10
28 74
17 20
X
X
X
X
X
44 54
36 49
X
X
53 61
X
68 98
53 65
X
42 36
52 18
10 84
64 72
53 28
34 65
49 14
81 25
X
24 95
58 54
X
86 3
42 7
13 87
18 27
20 73
X
27 14
36 30
X
X
59 38
58 4
X
4 3
X
X
X
8 12
X
X
17 14
X
27 64
X
18 65
64 49
X
X
77 56
70 32
X
X
X
X
8 93
X
X
96 57
63 38
X
X
6 90
X
79 87
X
X
X
X
X
13 33
X
20 55
X
X
X
61 53
X
33 64
73 59
1 97
X
X
77 47
X
X
X
X
96 45
X
X
84 78
21 21
76 93
66 37
X
X
X
X
X
70 46
X
X
35 62
6 84
35 92
82 25
51 25
X
25 84
X
43 94
72 72
X
X
X
X
56 94
X
36 72
87 3
X
79 75
X
X
X
X
X
54 83
52 52
71 52
24 6
6 85
36 73
26 41
52 73
27 74
X
X
39 21
16 92
30 86
35 63
43 37
54 63
X
X
36 88
74 53
36 52
79 10
X
57 90
X
19 71
X
X
67 39
X
14 19
