35 47
37 90
45 90
84 84
16 27
55 29
90 91
1 0
35 29
49 16
26 49
76 43
23 79
16 86
83 62
0 65
86 29
81 33
4 12
67 7
32 23
13 94
3 67
23 33
48 86
69 97
58 10
82 55
31 1
82 0
12 86
98 54
87 63
36 19
15 76
54 27
32 78
80 57
68 76
70 90
6 10
9 93
83 79
49 79
82 86
4 0
93 12
46 39
65 43
76 73
25 69
58 9
93 38
14 17
94 89
53 95
36 21
21 87
12 0
35 24
26 81
30 4
14 26
7 90
95 79
22 91
21 10
43 81
52 19
32 28
15 0
44 10
18 0
52 33
87 31
29 51
55 86
96 50
87 96
24 73
13 91
46 56
29 0
92 88
89 32
13 27
72 19
34 0
15 42
35 51
89 56
41 62
44 0
8 77
52 61
25 12
98 22
15 24
90 39
8 43
47 45
59 88
93 5
82 90
7 96
50 63
57 75
2 51
18 81
5 71
26 43
58 23
95 31
37 85
59 77
66 39
49 58
5 17
11 13
43 34
65 81
62 26
51 53
94 16
87 67
12 28
18 96
53 0
68 17
31 29
38 91
42 15
60 83
60 0
96 30
92 63
71 0
38 86
13 93
12 63
76 90
21 91
92 54
0 63
56 25
13 88
84 9
79 0
47 38
19 60
89 43
51 55
92 12
81 67
42 66
83 16
60 60
73 45
58 16
7 87
3 96
19 74
37 7
39 34
0 60
49 24
72 70
65 80
46 75
0 51
14 82
21 27
7 93
71 74
0 52
35 37
43 92
87 0
23 3
6 55
90 55
25 86
62 40
57 11
44 8
91 95
38 90
10 54
49 56
55 7
94 0
29 89
74 91
44 29
84 52
82 19
26 14
20 63
92 4
55 93
54 12
43 39
40 78
58 34
13 76
73 57
6 48
96 86
10 1
30 51
67 46
43 88
45 31
24 22
61 64
91 39
3 66
2 29
20 1
73 5
62 73
32 55
52 42
53 89
27 1
24 11
46 88
66 61
16 56
85 17
0 93
29 79
26 74
20 28
79 94
45 10
7 16
97 69
63 18
64 75
61 80
73 37
54 74
54 91
7 48
93 16
10 73
4 32
25 81
24 52
54 48
53 49
15 1
17 79
14 80
63 1
73 39
54 79
48 40
27 40
94 72
60 35
53 5
88 26
1 82
35 11
32 89
52 79
12 42
19 89
43 74
15 60
79 58
38 55
88 49
63 23
88 46
27 80
15 52
16 84
49 86
39 54
63 84
4 21
88 44
27 13
97 46
66 19
81 95
13 70
13 71
46 91
78 65
25 38
9 47
29 33
34 52
28 68
58 76
2 52
23 83
35 82
15 80
48 55
66 17
67 29
28 53
27 68
89 54
20 71
69 1
37 29
22 70
13 29
73 34
23 31
26 39
11 20
20 65
8 20
48 29
89 17
68 61
27 28
98 11
28 10
64 47
83 92
88 71
53 51
50 68
41 43
32 20
34 46
64 2
78 53
30 93
77 68
43 86
66 59
53 26
14 2
48 2
49 76
73 63
10 60
6 88
19 77
84 66
76 79
92 82
86 24
50 6
87 32
68 37
66 2
27 89
15 88
39 87
15 25
56 14
19 5
48 52
86 2
92 2
9 9
81 0
46 3
41 93
92 30
97 82
9 18
3 64
7 53
50 13
49 4
39 80
48 53
52 9
67 40
55 98
25 41
12 22
85 70
65 18
12 4
65 4
64 76
87 13
12 66
36 29
76 4
3 5
57 38
41 50
24 29
63 16
36 89
8 86
77 72
38 76
31 3
12 33
45 27
28 27
40 89
73 62
11 87
72 60
47 89
59 4
23 36
5 39
53 86
63 98
36 94
39 5
41 42
48 20
89 44
20 57
23 56
98 62
64 5
33 69
82 5
0 72
67 78
52 49
75 9
62 89
41 1
55 77
80 68
7 85
50 38
10 94
73 2
56 2
31 35
89 38
98 4
28 73
57 46
88 89
69 80
24 83
36 17
79 36
77 10
66 86
37 6
57 9
14 58
70 71
52 47
29 48
79 11
11 27
89 83
97 96
81 44
60 88
35 72
3 49
62 78
24 30
52 5
17 18
64 71
18 34
62 6
26 24
6 27
62 67
64 66
37 62
6 49
35 84
98 92
84 2
78 30
6 78
22 1
34 77
84 75
54 72
81 6
33 7
2 87
35 70
51 8
72 95
57 57
90 24
25 29
42 13
74 24
14 12
31 63
20 4
64 41
77 44
79 7
91 22
35 75
28 26
42 61
34 24
96 93
84 89
60 47
8 46
67 17
3 31
19 25
26 70
28 12
6 67
69 73
45 95
44 53
26 59
38 92
18 20
36 11
66 71
98 70
36 64
25 92
3 95
26 64
29 46
84 77
13 82
14 93
14 56
98 91
16 61
36 60
21 74
97 7
73 14
21 42
70 21
48 75
59 75
58 45
75 8
45 62
5 64
63 72
61 8
91 68
37 16
30 97
71 43
86 11
8 54
78 8
1 96
0 9
9 72
73 19
18 1
49 18
42 65
51 72
43 5
89 35
34 11
45 47
59 33
24 9
18 18
89 98
39 9
88 24
58 14
65 51
55 90
13 60
84 72
62 71
32 25
25 50
77 9
34 17
86 73
94 9
92 31
84 34
5 28
91 35
54 51
23 11
59 22
37 63
4 6
87 9
2 90
89 64
52 38
9 86
54 10
49 45
15 26
7 65
97 70
47 53
70 92
49 77
41 12
87 17
89 6
75 58
93 72
91 53
44 89
X
72 63
10 25
47 20
62 55
91 14
15 61
53 11
88 82
16 80
81 8
49 66
88 78
3 26
63 85
88 90
22 43
13 74
56 58
96 21
72 22
93 11
23 6
46 30
34 35
21 11
70 12
7 59
33 42
37 37
14 20
61 39
19 8
76 12
97 79
44 97
60 74
49 44
29 36
78 96
37 0
49 19
12 9
57 87
41 60
72 57
0 21
8 78
32 63
97 12
85 30
59 36
69 32
63 86
87 94
21 70
75 22
93 82
32 13
95 6
39 58
72 9
87 19
20 8
41 14
8 3
21 15
8 26
87 45
78 52
97 93
10 43
48 39
17 68
59 93
86 38
3 60
19 23
58 84
96 81
41 49
75 13
57 54
77 98
63 45
98 80
X
48 90
89 13
X
40 45
41 73
18 73
20 51
16 71
52 78
81 50
94 3
15 78
85 32
49 60
18 90
0 67
30 14
78 63
11 75
3 70
10 89
1 65
5 56
13 62
65 10
40 16
46 66
38 94
56 82
85 91
2 13
60 25
98 13
34 25
95 58
41 19
3 15
86 86
21 14
47 55
63 77
93 70
79 65
43 3
28 64
22 74
22 17
83 2
32 94
48 19
95 30
38 77
94 78
56 67
17 58
37 46
13 26
52 15
87 2
2 1
88 18
44 49
9 90
63 9
61 15
56 63
38 18
39 72
13 97
78 71
67 16
14 76
31 6
29 65
13 41
17 33
4 27
14 74
35 91
81 16
61 83
78 44
26 15
35 40
51 62
74 96
15 49
55 26
29 85
38 7
4 10
79 54
87 71
12 61
74 16
87 33
87 50
64 81
91 74
48 32
5 43
48 92
77 70
25 59
38 87
73 10
22 7
97 17
43 36
95 96
17 57
78 84
52 35
65 75
23 17
27 3
1 18
10 35
30 29
49 11
19 41
58 66
39 25
71 93
25 62
74 54
47 80
33 82
56 83
8 71
92 89
54 6
15 56
51 75
31 47
67 32
16 28
85 83
66 65
13 7
X
66 47
19 68
66 87
72 34
38 78
56 89
50 19
61 81
55 47
6 20
29 1
45 18
6 1
11 71
35 95
55 69
68 81
11 23
69 98
4 89
93 32
38 8
51 95
67 3
63 15
56 57
19 69
4 55
24 25
49 2
30 54
30 9
9 17
9 22
50 36
21 43
84 82
59 86
59 79
45 25
51 79
38 27
75 88
21 65
15 22
94 79
43 54
89 78
94 63
53 85
91 21
58 42
90 64
75 63
30 44
37 42
7 11
90 62
77 32
63 82
67 10
25 93
74 38
72 29
81 60
88 32
12 58
51 64
3 98
10 55
98 32
60 16
68 83
88 12
22 48
40 5
49 13
88 3
65 31
46 82
54 73
52 74
72 18
47 9
61 49
86 78
68 96
98 21
25 34
32 86
19 52
97 47
9 87
21 96
58 6
63 93
46 59
29 34
23 4
68 39
26 79
7 88
30 66
80 26
36 77
90 61
13 56
8 95
56 61
75 98
98 0
88 17
12 88
56 21
65 83
91 0
89 0
0 97
71 37
76 16
46 9
94 68
22 59
80 60
6 66
9 43
63 24
79 64
80 75
22 80
90 38
12 75
24 90
37 79
89 58
71 24
58 18
60 28
76 83
9 21
25 28
49 33
61 55
82 69
59 89
10 8
63 67
41 21
2 68
97 32
49 27
94 19
56 0
71 64
90 53
6 15
60 75
5 47
0 57
19 55
37 43
66 70
17 98
46 46
24 88
56 44
38 52
93 33
2 50
96 42
86 31
62 30
12 2
23 19
14 14
93 15
96 19
46 15
60 76
88 80
67 38
94 35
15 54
53 77
97 34
45 12
17 71
49 89
57 59
45 51
83 75
5 68
90 22
14 63
51 76
34 71
46 38
85 9
82 35
0 20
76 67
6 79
48 89
6 58
69 20
32 16
35 50
11 55
1 81
96 68
56 22
58 97
5 2
96 59
67 8
41 5
89 20
24 49
62 81
62 74
85 86
34 91
64 3
55 83
25 33
95 13
39 14
42 62
3 21
16 11
30 18
95 48
4 58
48 78
49 40
57 77
20 69
51 42
59 27
73 13
69 82
83 65
85 82
10 33
92 73
47 57
53 67
84 19
69 57
0 47
33 23
75 85
33 89
6 43
10 56
32 90
91 84
20 9
39 0
20 40
5 88
65 45
90 54
64 60
48 6
32 19
37 86
24 37
3 93
18 44
86 15
59 6
90 68
1 23
87 1
69 6
41 65
8 42
81 83
79 40
65 23
59 90
45 7
74 41
37 48
95 9
33 48
32 34
46 47
22 9
74 55
35 8
49 22
67 79
5 18
61 71
2 34
65 84
31 28
90 20
78 11
26 32
74 36
91 43
84 38
80 78
89 66
87 6
38 41
87 83
12 39
50 22
66 64
79 85
9 92
96 51
56 65
7 25
57 52
28 25
39 86
79 91
66 53
66 4
76 34
41 26
45 96
94 14
3 72
55 41
79 12
47 27
75 43
82 94
26 33
59 83
66 62
94 90
21 45
59 11
26 50
93 60
91 75
56 78
85 41
50 12
67 53
44 42
82 97
97 24
84 57
43 83
53 81
68 28
89 91
43 30
11 19
0 77
94 69
44 14
55 75
16 73
71 80
21 53
45 77
97 3
72 14
38 80
56 95
75 28
29 22
27 81
11 62
40 76
36 80
92 27
26 29
89 28
13 18
50 61
83 28
51 23
29 57
18 93
27 61
6 44
87 28
31 0
1 29
18 16
6 33
15 28
43 19
44 95
24 74
83 70
70 74
84 50
77 77
70 82
49 20
8 85
51 68
24 34
8 67
50 55
64 1
93 21
70 36
63 81
34 58
76 0
14 75
70 59
41 58
23 26
81 90
97 53
41 0
18 72
34 20
9 68
45 13
88 57
27 69
69 44
78 68
73 38
84 92
64 55
22 29
24 27
97 36
82 83
50 73
4 42
80 15
15 63
63 56
73 21
34 7
81 46
2 11
15 74
17 2
56 43
79 70
6 81
85 84
24 21
98 29
52 62
24 33
73 17
28 41
75 55
18 10
50 29
37 59
44 68
44 79
69 67
45 52
38 49
14 61
52 17
21 93
4 73
85 72
65 92
90 30
16 66
74 32
X
34 33
75 40
57 31
82 98
36 33
5 85
48 91
7 58
71 55
66 88
23 1
89 1
73 3
43 91
46 14
16 88
48 48
37 58
29 71
54 45
15 66
33 59
63 3
74 25
91 83
57 14
51 40
36 79
91 67
66 81
36 63
45 58
67 23
39 83
8 94
86 4
65 89
37 18
17 13
7 20
13 24
86 36
54 31
36 87
96 23
47 66
56 26
15 7
12 36
95 4
56 1
55 53
79 56
44 55
64 17
38 93
83 7
96 3
57 85
16 22
1 69
37 12
51 27
79 29
62 16
55 38
30 23
2 32
80 34
58 67
50 69
14 66
40 84
66 6
61 62
40 41
87 82
45 54
70 83
54 69
81 68
48 23
20 32
15 18
22 81
72 94
77 79
23 91
3 34
44 81
34 70
83 73
4 60
52 72
31 67
29 56
75 78
12 98
37 73
95 33
82 65
95 74
71 79
12 73
67 88
68 50
76 84
8 18
0 10
44 32
91 12
98 17
81 23
34 26
32 1
72 96
90 59
22 40
17 81
85 92
42 19
29 41
37 57
41 9
27 75
57 62
22 33
42 1
67 5
29 9
16 58
78 91
67 75
9 6
37 11
43 80
X
91 70
62 76
53 6
45 45
46 41
11 2
29 23
8 34
21 47
44 91
65 60
12 8
27 27
44 5
90 15
42 76
33 49
13 73
81 17
24 41
88 98
89 52
8 27
71 81
56 32
22 98
35 48
35 26
37 21
83 1
98 84
75 57
20 39
40 67
28 46
19 34
27 53
30 78
7 61
5 59
25 77
13 54
2 19
38 44
34 69
27 10
24 70
41 95
25 66
35 36
37 19
64 27
96 74
7 77
88 52
69 58
5 0
95 88
84 73
72 88
18 98
59 69
47 88
12 17
44 92
75 65
81 88
26 35
82 33
23 80
16 90
71 61
20 67
96 37
27 42
40 75
88 95
1 35
86 55
16 77
50 45
55 15
51 65
63 94
32 51
69 61
82 79
59 35
64 78
94 20
74 9
35 78
22 76
43 78
4 81
70 41
4 16
93 62
22 5
30 32
50 53
93 77
25 82
3 45
71 42
53 76
46 81
60 72
50 81
86 34
86 65
27 43
22 41
23 16
78 36
34 49
44 82
41 79
44 75
75 34
9 51
41 82
59 26
12 16
25 80
71 12
64 86
90 94
50 66
89 74
45 63
10 27
47 35
85 34
41 27
2 98
73 58
80 96
33 65
82 85
5 25
77 73
69 35
5 3
85 28
51 60
9 38
48 49
91 13
29 35
39 92
83 25
45 32
65 58
1 85
16 16
4 1
5 78
9 77
88 93
94 45
22 12
63 6
1 77
75 37
47 56
8 17
89 24
32 39
37 26
45 8
41 35
80 12
X
92 86
82 87
X
21 40
44 59
8 89
77 58
93 34
39 93
25 37
37 45
75 75
63 29
86 94
22 21
53 36
28 3
67 58
6 45
90 33
16 0
43 13
85 44
52 83
93 67
87 81
85 50
41 69
49 71
76 72
32 33
62 41
12 78
X
68 11
2 80
26 62
53 72
66 36
73 26
82 84
68 48
41 17
80 63
44 28
53 3
56 72
96 22
55 2
62 62
47 51
27 52
57 84
58 61
38 96
38 59
69 92
44 13
25 91
71 75
79 57
27 8
4 37
57 37
66 58
68 22
11 43
22 16
72 65
87 41
1 15
8 48
90 77
56 48
74 85
89 46
47 37
97 20
98 2
58 86
77 35
84 3
79 39
22 92
54 23
7 94
33 78
46 42
0 48
16 12
2 89
16 10
2 38
97 85
25 26
97 49
87 37
83 64
49 82
38 81
51 70
71 91
12 10
91 5
55 92
70 57
39 84
88 67
35 33
4 13
20 66
56 73
64 11
96 77
4 53
40 57
41 78
76 22
97 21
74 23
11 70
15 6
58 90
6 72
26 25
83 69
47 12
72 12
53 79
52 10
17 75
37 49
92 16
2 60
69 28
36 91
21 34
43 8
43 35
94 30
79 67
54 36
38 95
38 50
64 29
97 50
11 9
69 48
95 32
2 65
30 0
47 31
7 79
56 91
74 2
66 45
46 20
91 72
35 60
68 51
2 30
13 46
81 29
78 10
8 92
57 25
59 10
45 35
82 50
81 73
77 80
51 92
51 10
7 13
28 81
4 48
61 41
30 81
24 60
69 64
88 51
35 56
80 50
63 8
41 59
69 41
70 9
44 83
53 42
19 91
27 11
0 96
24 69
53 41
23 71
80 95
14 59
52 95
31 16
5 94
76 51
18 68
5 67
42 85
43 60
88 81
76 14
90 18
48 64
82 92
5 84
98 74
24 92
87 53
81 78
74 33
26 34
79 2
46 34
40 42
82 12
1 67
6 12
7 86
21 39
95 1
53 54
47 10
46 58
89 5
20 38
81 22
28 20
63 48
38 89
55 33
72 71
82 82
4 30
8 87
69 79
36 37
75 77
10 2
77 52
54 5
14 62
92 68
56 24
49 68
43 72
91 60
49 93
86 98
81 36
80 4
6 56
5 27
46 53
63 49
10 85
0 81
43 25
90 69
35 58
82 52
0 22
35 9
91 91
9 37
37 25
32 46
89 75
81 21
48 65
47 71
80 21
24 50
76 18
23 54
61 75
84 37
88 66
7 67
66 25
23 43
38 26
70 49
38 62
63 26
57 29
88 63
53 96
28 47
60 82
67 92
42 9
46 43
93 39
12 74
88 8
28 2
79 96
10 23
86 87
39 67
43 50
32 80
60 57
69 54
33 88
40 24
83 83
85 22
5 8
86 5
95 92
91 56
45 66
26 22
38 30
63 27
26 69
5 29
10 86
45 33
30 16
39 96
0 66
56 92
70 68
30 42
82 38
43 68
24 35
63 91
61 93
58 32
49 51
79 60
26 21
29 21
80 91
29 39
38 67
30 17
69 51
90 92
30 50
41 3
10 10
25 72
88 42
73 56
21 12
40 96
68 16
93 68
82 15
55 68
61 69
98 30
47 13
82 42
50 5
94 32
87 15
14 60
85 37
37 70
6 54
3 94
15 59
86 88
5 66
62 8
34 28
56 88
72 21
11 25
12 34
20 24
22 75
67 72
60 2
91 93
73 89
64 94
77 81
48 69
89 76
72 54
70 14
82 6
26 44
17 11
10 88
95 63
81 91
31 90
92 64
22 46
71 35
40 13
X
41 94
22 14
12 44
9 50
14 95
18 13
12 38
75 56
17 78
9 41
37 35
35 0
8 19
7 95
30 8
44 21
7 71
12 20
86 23
22 93
17 3
40 22
68 60
5 45
77 4
98 15
96 2
52 50
57 32
26 83
72 4
80 24
17 48
34 55
46 71
47 14
32 65
73 1
40 79
38 14
36 67
20 7
70 23
68 87
98 67
4 20
95 41
14 57
14 55
57 94
21 62
14 36
4 66
42 87
46 61
5 89
53 40
42 88
44 30
71 96
40 19
43 96
17 55
54 14
3 85
77 59
57 98
2 24
94 22
44 18
64 64
15 48
66 9
83 84
9 16
64 48
38 60
9 20
43 71
95 80
23 73
5 50
52 77
52 29
39 56
97 37
50 96
32 91
21 79
55 43
54 13
20 19
46 52
4 29
86 63
74 80
28 86
36 65
39 39
1 30
6 39
95 90
31 40
76 57
0 11
89 33
1 52
40 20
39 65
15 83
77 14
41 41
57 26
53 83
16 21
6 68
7 8
37 76
48 8
69 91
20 34
31 41
50 20
32 92
49 72
86 7
55 13
87 4
35 57
78 95
94 36
21 85
32 42
80 88
48 58
96 13
57 2
87 66
6 51
74 95
56 10
3 54
43 14
70 52
88 91
3 90
52 48
29 18
47 61
1 43
47 22
64 39
47 76
9 96
85 23
8 21
52 44
82 91
19 51
76 94
77 90
78 83
98 8
43 66
8 23
96 69
83 39
47 23
95 95
20 2
48 17
56 93
45 71
45 86
68 26
26 84
4 35
54 87
28 7
54 18
23 74
18 56
84 83
12 43
77 1
62 35
3 16
87 76
33 27
83 78
22 61
89 69
91 96
4 4
15 50
0 45
65 46
54 43
30 75
52 63
1 45
74 84
75 17
53 19
67 91
3 92
47 78
46 93
59 45
55 94
37 27
40 46
72 7
22 68
77 37
6 65
44 46
22 65
85 75
45 55
67 44
47 15
51 61
93 20
18 21
19 72
90 25
35 66
10 83
52 3
7 33
98 9
3 29
4 96
84 63
76 77
61 60
61 46
47 95
32 17
50 70
18 14
97 63
13 20
60 3
71 76
23 13
7 54
14 73
82 39
23 60
78 23
77 50
37 1
71 77
37 53
59 56
55 4
32 15
65 54
73 31
13 13
66 63
47 44
89 67
35 94
32 36
33 50
79 71
81 1
4 95
7 50
36 78
69 46
16 6
84 76
9 71
37 15
1 12
74 19
20 79
98 93
71 28
97 83
42 68
47 63
52 46
69 39
68 72
54 54
48 94
78 4
91 36
78 46
15 92
61 90
89 86
33 47
94 11
89 92
74 37
38 73
11 26
92 15
66 52
19 90
85 43
59 7
30 5
37 84
80 32
63 65
53 13
42 48
65 44
69 59
29 8
49 91
19 67
51 74
18 57
91 51
62 66
28 48
96 62
10 72
30 52
53 91
47 73
7 68
27 65
29 3
24 4
50 65
39 23
54 61
8 72
58 24
11 16
46 65
96 38
2 27
59 65
7 56
61 10
43 21
25 75
3 69
5 19
13 85
48 15
52 76
19 12
81 54
6 75
31 21
71 51
5 37
70 37
53 38
42 89
49 67
97 86
37 94
46 12
6 46
67 31
93 51
30 57
68 78
43 64
8 84
63 66
4 47
26 36
38 57
34 87
23 30
72 53
23 20
92 72
10 63
27 22
26 89
8 31
40 87
30 25
55 76
70 6
52 22
19 65
36 23
37 81
82 96
12 91
48 13
44 27
64 28
90 36
81 89
42 92
34 40
5 60
19 88
74 70
36 24
43 11
23 84
16 74
64 93
90 52
57 74
9 57
92 35
67 24
72 27
55 40
73 51
72 74
66 43
10 47
9 48
66 72
85 38
X
42 50
64 58
55 20
74 51
21 92
55 49
93 42
71 97
48 11
58 64
17 61
86 8
64 26
26 20
6 97
19 11
81 26
64 89
19 96
64 25
97 33
32 32
54 52
36 46
92 62
60 84
57 27
50 23
31 42
32 24
12 53
36 31
32 14
88 14
11 39
46 50
11 10
21 1
29 83
83 19
39 64
54 95
39 36
82 32
74 40
67 84
81 55
12 64
19 33
29 96
16 33
27 62
28 76
61 23
80 0
74 48
21 9
65 96
5 30
15 16
71 33
7 18
53 63
41 44
37 67
8 66
77 28
3 91
74 86
69 65
49 64
33 71
44 63
97 22
32 81
79 49
6 59
14 34
95 83
41 55
60 78
43 15
54 4
90 1
13 36
90 84
55 89
78 45
88 27
22 39
11 66
73 80
5 1
91 40
44 11
83 9
42 58
62 83
9 81
7 83
1 86
29 98
28 15
96 0
26 38
29 19
22 52
54 3
42 60
13 47
39 28
2 26
67 47
15 5
19 53
3 53
68 44
18 45
91 73
35 74
70 54
80 8
71 72
98 95
86 76
6 36
70 98
43 38
52 80
66 20
83 85
28 17
98 35
56 23
79 62
56 56
30 47
80 25
54 32
71 13
6 32
41 36
3 56
12 45
3 39
97 72
41 90
27 77
7 26
38 11
8 14
15 15
76 56
6 13
54 22
4 28
50 50
59 60
76 41
96 9
91 24
33 52
39 31
15 85
5 83
71 94
31 34
35 13
11 58
3 6
74 29
60 69
11 73
81 20
78 88
44 31
53 12
49 92
25 67
42 45
25 42
59 70
95 43
54 40
40 10
97 55
56 5
34 72
76 2
32 47
84 28
82 13
83 33
82 67
37 47
36 51
92 60
95 28
96 70
40 15
54 57
20 81
4 44
15 41
10 11
80 55
70 89
26 47
12 13
79 83
65 82
6 50
83 74
23 50
59 24
55 73
69 5
97 62
29 82
61 16
95 71
26 90
4 88
78 61
54 46
96 31
95 42
2 45
7 81
29 30
73 4
6 34
6 60
38 66
70 66
40 33
14 52
27 6
61 37
31 37
13 38
38 43
58 92
8 36
35 41
47 41
28 66
53 14
97 1
5 31
0 76
39 1
14 65
43 75
61 52
91 19
65 53
53 29
11 83
30 90
64 77
45 36
68 89
3 11
38 12
96 90
49 78
57 60
50 58
75 10
26 37
98 43
97 48
66 74
63 52
77 86
68 63
17 9
62 37
56 36
45 87
54 82
62 65
33 20
95 24
74 97
69 78
57 47
65 59
70 13
88 77
68 10
58 46
26 13
8 4
4 65
36 71
92 53
9 40
43 87
30 77
51 78
27 30
61 35
28 13
86 64
62 79
78 92
31 56
24 31
90 50
85 78
98 88
14 78
2 88
53 90
54 60
55 25
8 16
89 16
26 4
93 3
50 74
40 53
52 96
97 9
66 92
78 58
54 56
85 66
69 74
44 38
21 71
14 47
22 32
44 34
67 96
87 95
25 32
66 89
2 96
75 44
23 25
28 19
23 34
11 53
14 49
74 1
43 49
48 76
56 41
60 62
67 71
17 73
68 92
96 94
42 91
93 94
67 62
25 78
26 82
3 55
84 33
46 62
16 8
74 83
73 77
83 48
76 49
50 89
7 5
79 63
19 79
18 17
82 70
75 79
43 10
25 88
56 81
34 38
65 57
69 26
45 79
24 40
32 75
33 55
93 79
82 9
12 27
63 30
44 39
60 36
36 20
46 44
6 29
30 53
43 6
38 47
69 94
9 76
34 27
82 81
81 45
22 56
21 67
14 5
44 88
54 93
51 63
11 63
45 53
49 41
68 47
79 81
48 34
13 22
27 33
89 82
25 45
97 25
51 18
58 68
13 58
88 68
96 84
83 12
20 45
44 80
70 45
39 18
67 4
32 48
94 34
35 65
80 56
41 2
22 55
74 88
78 12
1 13
57 81
4 77
93 37
47 18
5 65
73 50
96 14
57 41
92 74
85 31
82 95
16 2
62 57
61 56
0 73
19 46
16 41
32 21
34 15
67 61
59 3
37 93
26 31
38 56
61 88
96 48
48 30
19 81
37 31
86 6
38 79
34 36
56 8
78 72
20 46
79 9
21 76
76 61
76 21
75 23
85 39
12 95
50 40
70 42
11 65
49 37
86 44
35 76
78 78
27 70
87 64
31 31
68 71
70 91
54 11
84 39
74 78
12 87
23 8
85 73
72 87
84 4
27 76
60 6
17 92
65 34
8 37
87 30
96 91
80 14
90 86
22 11
7 91
7 64
47 54
37 41
16 98
67 43
95 25
57 44
63 46
12 71
39 10
77 12
31 22
48 73
16 48
13 34
17 72
43 20
72 37
24 72
92 40
65 95
79 68
1 87
27 15
30 10
42 11
56 47
31 48
46 45
84 59
80 67
90 58
45 75
86 79
4 74
94 6
76 64
49 73
11 12
76 88
81 57
97 10
4 11
98 16
9 82
80 44
57 76
83 0
46 4
35 25
41 39
11 68
56 6
89 37
58 79
80 33
29 32
43 63
21 16
68 12
52 89
77 84
91 25
65 61
94 81
67 60
33 45
79 72
22 6
85 29
66 76
79 4
98 40
42 12
17 29
84 24
58 83
24 61
44 56
76 65
7 41
25 98
9 34
62 24
86 40
66 98
9 70
18 35
72 36
77 87
8 29
56 20
57 39
67 50
72 93
88 31
89 51
25 70
66 57
16 79
56 68
81 53
66 26
78 21
33 85
41 8
79 24
18 55
11 45
35 28
37 33
53 58
97 42
30 28
98 10
16 89
23 69
40 18
87 18
16 47
39 91
34 79
27 9
87 70
25 60
33 29
55 61
78 89
52 2
6 28
72 33
38 21
49 15
80 77
42 70
80 11
7 98
38 85
71 8
66 80
35 18
32 26
23 27
50 11
65 74
78 22
96 80
14 33
47 42
47 33
51 38
76 92
13 21
45 0
49 75
76 1
75 6
16 93
65 50
92 6
55 22
98 64
21 61
48 36
75 73
75 49
57 88
62 75
32 37
20 60
93 73
35 21
63 78
34 51
56 84
52 59
54 92
37 30
21 95
16 3
96 25
84 20
84 40
92 96
94 61
2 83
40 82
50 54
10 28
57 93
2 92
58 25
45 34
21 41
20 96
38 13
66 85
36 42
28 32
80 10
71 46
70 26
80 36
81 94
96 85
16 97
40 1
41 47
58 33
24 82
37 82
49 50
82 40
28 9
23 68
11 11
8 76
45 5
82 7
42 25
43 2
59 68
43 18
9 91
9 42
0 58
27 59
87 84
39 71
X
78 9
59 53
17 89
4 83
47 93
51 52
46 36
46 78
87 54
37 61
98 57
38 20
26 27
30 34
81 77
36 82
24 76
33 79
12 70
43 65
32 64
39 30
25 57
87 93
49 34
43 93
47 11
62 48
47 65
71 31
26 53
51 77
11 84
11 48
55 0
25 76
86 80
69 25
32 54
30 2
47 64
1 90
86 46
24 67
85 65
36 84
45 50
2 82
18 29
22 58
96 43
51 96
78 16
36 36
42 47
85 24
17 64
71 49
68 41
10 12
48 14
92 28
93 35
41 54
47 8
22 47
5 14
72 76
98 48
7 36
71 10
98 53
11 97
51 43
68 49
31 45
92 5
72 73
25 47
56 62
10 42
71 30
71 48
50 85
77 43
23 76
33 25
95 91
51 73
78 85
18 11
72 8
30 19
90 13
13 81
98 14
5 48
95 87
27 29
80 97
73 33
5 70
53 56
49 85
44 19
53 69
85 33
92 42
X
9 26
11 82
24 42
68 94
64 10
17 4
93 43
90 56
89 34
50 75
13 49
9 33
50 41
36 32
47 30
22 94
63 43
42 44
27 31
17 95
58 63
49 94
73 88
55 24
19 45
94 33
6 2
89 12
70 43
75 71
5 40
94 54
26 86
56 38
73 32
79 66
11 14
3 22
20 3
53 62
67 80
73 81
39 6
83 63
45 80
36 43
28 84
29 84
2 91
5 91
31 87
77 38
35 80
70 47
88 84
44 61
93 66
95 0
15 37
70 3
68 29
52 34
53 48
34 60
0 55
41 86
57 42
22 96
25 49
42 93
19 95
X
88 6
30 55
29 45
30 85
83 32
34 31
4 72
97 80
84 22
53 4
53 44
22 19
12 54
83 35
98 63
16 60
2 61
6 25
54 16
44 66
3 81
17 15
74 79
26 91
29 55
93 2
15 72
76 25
53 78
18 26
47 34
42 38
86 85
18 58
48 67
35 68
41 63
6 6
88 94
94 60
53 73
83 8
40 37
53 92
74 0
17 66
75 62
14 27
14 87
38 70
59 17
46 10
29 76
77 66
32 70
40 59
85 5
3 83
92 85
76 17
95 12
30 94
7 84
55 72
34 59
88 96
63 42
29 31
32 45
83 22
91 71
73 0
12 14
9 35
84 21
45 91
61 11
58 62
41 66
48 72
11 41
32 40
24 86
47 86
71 58
54 28
86 52
81 34
39 89
77 3
22 79
66 31
80 79
17 56
16 53
6 30
81 97
70 10
26 6
68 53
49 30
73 52
39 73
18 40
31 55
9 56
51 30
92 19
21 73
83 6
39 76
37 51
17 25
77 31
60 26
42 96
11 64
36 55
22 78
X
25 23
23 39
71 2
38 48
15 98
28 85
46 55
60 39
95 98
83 47
27 7
24 80
45 30
79 3
4 7
98 38
41 85
32 66
1 92
14 10
50 60
84 18
10 98
43 84
27 57
70 73
68 90
77 42
95 40
91 52
3 25
7 89
36 15
40 6
16 25
48 16
95 94
16 70
45 60
46 31
57 71
13 84
6 82
15 19
64 40
69 31
41 24
55 71
81 18
73 78
85 63
80 29
42 75
86 43
3 80
37 34
46 92
13 35
8 90
32 79
45 48
76 76
57 20
12 15
90 34
33 34
88 58
34 22
73 29
66 91
98 94
65 52
77 83
68 4
1 14
64 6
15 21
11 34
63 83
74 62
11 24
29 43
89 26
36 56
3 51
82 57
82 46
83 3
60 66
25 18
95 93
93 55
21 8
84 51
95 45
52 65
10 71
66 7
71 90
1 66
23 81
71 27
82 66
85 74
14 9
19 15
25 55
88 88
86 19
49 74
63 61
63 12
23 57
29 44
88 36
82 89
52 92
69 50
12 23
65 66
85 76
10 57
58 93
31 69
32 49
55 59
53 87
84 74
35 38
30 82
1 76
26 58
7 27
49 52
8 5
27 4
84 69
19 58
20 43
0 13
38 6
30 91
28 14
87 22
81 30
44 6
12 19
51 91
79 30
81 3
22 72
18 60
95 86
93 6
38 28
73 55
74 72
94 64
3 76
7 63
55 67
4 67
48 22
10 9
79 21
60 33
4 64
39 62
17 1
67 51
81 58
10 87
51 41
24 23
94 24
92 0
34 67
43 22
20 76
67 59
25 40
14 53
13 10
86 9
46 54
4 59
1 91
64 57
45 17
84 36
67 82
60 70
55 27
61 91
18 97
19 66
5 41
98 49
30 69
51 3
10 74
52 4
83 20
95 11
54 76
79 90
22 15
10 92
50 78
75 36
94 91
31 46
97 84
19 16
89 49
1 88
78 70
14 64
3 33
8 74
7 12
36 76
69 71
80 69
76 44
20 64
64 8
49 46
96 46
74 35
80 71
80 76
81 93
11 60
84 23
85 53
64 95
33 14
13 11
X
22 23
2 28
82 80
38 22
37 52
95 61
23 5
49 97
88 45
39 78
51 85
16 57
61 0
86 20
2 10
60 67
59 85
35 45
8 13
49 70
11 40
X
12 12
20 13
80 2
72 44
26 97
67 73
46 13
9 12
10 20
48 74
96 65
44 20
9 8
0 87
14 29
57 45
63 80
48 42
82 34
54 47
97 58
68 30
92 95
0 14
41 15
83 82
56 53
38 65
66 73
48 95
62 49
28 29
28 4
81 2
75 29
78 13
16 26
85 62
85 8
45 15
94 43
28 61
4 5
79 46
26 55
57 40
67 48
93 57
77 60
56 71
38 29
28 21
28 79
27 44
19 59
26 54
77 29
25 54
91 27
19 17
69 17
75 82
95 82
54 96
32 98
X
45 22
18 6
10 26
41 23
33 19
89 42
3 88
24 58
94 31
22 20
61 66
16 18
9 2
58 11
60 89
6 93
54 88
47 98
9 55
91 69
58 3
32 97
96 40
87 78
81 70
15 82
16 29
41 81
16 9
15 13
64 65
21 44
72 45
64 44
33 39
85 42
31 36
19 21
23 44
73 87
21 24
76 91
9 23
6 19
74 10
86 56
36 68
55 63
98 89
40 69
46 35
25 61
91 59
36 44
7 39
81 56
X
7 9
29 67
17 10
10 77
40 34
24 97
39 27
92 7
37 78
84 10
18 78
87 98
74 43
78 86
62 77
72 46
88 43
19 54
35 32
78 20
76 50
9 83
88 11
3 87
68 82
40 48
10 82
51 59
1 44
34 85
34 63
58 95
10 45
81 19
39 70
13 39
4 45
39 60
81 12
8 63
21 54
75 38
7 32
1 10
93 90
15 57
63 40
92 43
31 19
54 44
87 57
8 44
19 92
60 17
50 30
42 18
36 41
71 73
16 35
23 45
9 14
9 32
49 38
29 24
23 38
45 41
9 94
32 59
29 2
60 24
52 85
61 28
51 5
43 61
90 12
22 10
63 19
57 6
42 21
18 51
28 52
96 63
31 33
48 12
40 2
62 46
96 95
57 22
18 88
73 54
4 38
10 65
35 93
40 90
56 34
56 86
84 88
39 59
17 22
20 10
94 23
59 55
69 23
5 15
74 58
X
24 87
55 23
63 71
52 8
98 41
43 70
69 60
8 52
0 12
21 63
15 94
82 47
94 93
35 14
25 20
32 0
46 80
15 84
70 38
41 45
82 51
92 23
80 98
63 57
56 4
24 28
4 19
35 43
50 56
83 59
74 17
61 94
18 42
33 31
40 36
18 2
79 41
2 18
15 95
71 50
28 43
70 96
48 21
42 90
62 38
87 51
58 41
68 40
40 17
59 94
12 72
70 7
35 73
93 92
46 87
2 94
65 38
8 68
48 18
68 55
11 47
25 25
74 50
40 3
56 55
63 17
46 37
6 63
56 46
97 0
11 89
75 93
12 30
50 80
27 12
5 16
69 89
39 66
14 90
20 29
61 72
23 70
25 7
95 29
69 49
55 28
62 7
95 37
20 59
67 52
34 68
93 30
74 46
81 11
35 22
62 72
35 20
55 84
59 46
92 36
76 20
14 13
16 19
51 54
68 62
79 78
11 67
69 8
77 20
2 46
28 18
X
32 85
28 44
39 26
2 72
77 55
39 55
23 32
90 60
26 18
57 79
58 2
32 93
84 16
96 55
82 88
75 16
21 78
80 86
45 98
79 95
56 49
71 63
51 80
73 75
56 80
40 32
47 19
58 55
50 91
15 20
65 55
32 18
53 50
92 57
9 46
65 73
95 23
79 19
38 23
55 48
45 85
72 38
26 60
47 36
44 94
47 85
59 91
90 40
9 64
73 94
93 24
5 42
65 32
51 47
88 23
92 69
8 53
68 32
79 86
89 23
75 61
4 54
42 82
21 55
11 28
95 36
90 95
79 32
91 66
51 21
89 18
90 83
55 44
97 2
41 6
14 86
25 31
67 9
23 55
41 84
77 2
90 97
39 88
62 56
42 16
2 56
13 15
16 96
68 3
78 87
11 37
64 37
90 72
26 3
70 70
72 1
6 37
77 41
13 44
61 24
11 85
72 85
61 78
66 90
61 63
85 11
50 49
85 54
85 81
24 38
39 32
28 31
50 90
57 67
21 46
23 22
7 3
78 75
47 58
X
53 82
49 29
26 26
17 52
97 87
27 79
19 76
88 25
52 57
65 5
78 64
60 18
55 1
7 70
1 47
30 21
49 39
84 94
31 68
34 45
78 3
43 82
21 13
95 26
9 97
75 80
78 18
60 41
24 57
12 60
70 24
22 66
88 70
10 70
93 83
92 38
69 37
10 3
65 86
16 7
48 51
40 7
74 45
42 39
33 70
81 28
53 22
15 55
11 93
98 69
29 91
79 73
5 52
73 20
15 14
42 23
9 44
91 30
10 90
38 53
5 11
5 4
34 57
9 84
8 8
83 24
33 68
8 51
45 67
96 64
11 1
41 22
77 88
50 43
95 76
74 89
98 7
4 90
50 24
15 51
38 61
76 85
23 52
46 40
79 33
16 68
38 75
33 28
48 33
71 44
44 1
68 52
14 21
25 58
6 7
8 11
14 15
92 91
77 62
42 37
57 13
27 73
59 61
80 5
13 96
33 15
90 21
36 25
56 7
4 26
55 54
11 88
37 55
62 27
58 53
44 69
76 29
82 56
43 32
58 40
73 42
X
64 43
48 68
20 23
3 63
81 49
28 22
87 86
59 76
32 38
7 55
16 42
46 16
35 69
65 7
93 28
X
50 18
65 11
82 75
56 60
89 94
20 44
29 90
11 18
4 82
79 79
18 80
91 33
80 9
2 33
93 14
73 70
24 12
83 98
34 19
98 66
11 29
18 15
14 4
43 7
30 31
1 93
22 4
2 35
4 63
12 69
93 63
96 83
83 96
71 82
94 29
55 87
84 8
92 20
4 23
93 7
5 34
54 49
28 16
28 59
9 95
11 49
74 27
66 46
47 46
91 62
79 22
81 14
77 65
64 19
86 13
75 52
6 3
33 36
17 97
41 7
51 2
78 19
53 52
5 7
76 81
54 97
17 77
96 10
47 82
3 86
43 67
83 29
47 47
15 93
45 88
11 57
85 79
49 65
61 92
78 17
59 48
74 57
83 68
33 92
76 15
20 97
12 18
21 3
53 53
2 67
78 33
51 35
76 13
20 98
20 22
54 62
63 58
36 70
94 38
75 70
79 23
63 55
31 80
29 20
49 87
49 36
18 63
49 49
63 31
91 6
6 5
73 44
59 28
66 29
69 52
20 54
34 32
13 19
69 21
49 63
96 44
21 25
48 97
94 53
28 33
93 81
71 59
14 85
7 47
39 85
56 15
25 97
24 47
28 62
66 82
21 7
85 18
88 64
1 11
61 2
16 78
29 66
8 80
45 93
17 50
18 9
94 39
86 32
85 77
36 57
54 80
6 38
96 28
97 44
26 23
95 2
38 32
20 52
85 19
62 92
64 12
48 87
11 35
2 54
9 15
83 57
65 37
17 26
23 12
82 10
84 95
32 74
87 34
53 20
62 12
55 11
94 13
61 40
24 78
74 94
95 75
4 87
48 24
75 81
42 42
13 78
0 56
59 57
80 58
71 1
20 74
80 89
5 13
90 66
81 74
74 49
25 21
12 97
14 81
60 90
39 2
20 21
77 71
44 15
X
3 7
52 82
23 28
26 67
23 59
19 20
83 97
40 47
42 43
17 90
77 22
23 95
24 32
55 80
31 38
15 65
82 49
65 40
74 5
72 40
46 63
72 52
84 80
92 67
60 61
67 95
36 7
7 60
55 6
14 35
73 25
76 86
12 49
54 75
22 18
58 72
40 86
41 89
71 53
19 44
68 75
31 66
37 32
72 75
16 15
43 48
15 12
58 77
12 65
55 10
47 81
12 24
17 70
78 90
53 46
92 66
91 85
4 24
25 35
81 92
6 64
27 48
72 67
79 34
44 47
89 15
52 40
34 76
64 18
41 76
54 89
78 24
36 93
86 59
54 94
66 32
75 24
26 88
79 50
91 50
82 24
31 98
52 20
9 54
60 55
80 49
95 81
66 5
92 13
6 87
50 88
59 16
96 75
7 66
47 50
76 42
3 23
9 98
59 39
54 78
85 85
28 51
9 45
97 68
22 8
32 22
2 57
59 15
60 37
84 32
72 3
49 59
88 56
10 14
60 23
96 54
31 81
45 81
37 44
45 46
22 87
16 51
65 94
88 35
31 74
72 28
44 40
39 79
50 37
80 23
24 20
45 44
37 60
27 32
82 16
15 58
62 10
57 63
30 56
51 7
92 14
12 93
89 8
97 81
33 86
78 38
92 3
14 48
43 17
83 60
8 38
79 82
73 93
91 54
47 43
20 94
39 35
32 87
21 56
70 97
63 10
76 30
27 2
47 21
78 29
97 39
68 54
34 23
97 15
14 54
29 72
55 14
49 21
7 76
8 25
22 97
0 46
15 75
55 57
93 22
12 85
90 96
95 59
59 95
10 64
10 58
90 5
21 60
35 23
25 24
12 47
41 11
59 87
23 96
73 8
80 59
12 94
92 56
94 10
12 67
38 42
26 61
29 74
87 20
4 85
40 95
32 35
28 1
90 57
37 83
17 34
48 88
52 54
95 38
91 57
72 30
26 52
75 50
96 27
64 9
17 8
48 27
97 64
81 10
87 55
51 33
17 42
71 71
75 59
26 7
50 34
20 16
65 28
72 86
69 9
43 29
32 82
70 30
82 78
59 25
24 71
94 56
4 61
17 24
70 56
21 35
44 71
46 48
7 38
30 20
6 47
53 75
87 42
15 33
85 67
66 24
35 79
90 43
11 17
7 52
17 69
31 75
15 40
78 50
25 3
80 85
17 74
17 12
35 17
14 94
78 56
14 79
91 58
33 22
6 86
57 10
20 33
30 60
19 24
33 60
4 31
28 8
18 52
22 34
65 33
1 59
24 13
53 64
19 10
38 46
88 86
20 18
35 59
13 55
61 38
43 58
15 4
2 9
50 82
83 14
X
21 31
14 68
84 87
68 56
23 23
70 72
33 37
44 76
47 96
7 14
80 46
68 23
87 5
36 69
43 69
3 1
69 66
43 47
25 48
43 79
90 41
24 77
38 83
34 74
57 4
36 61
18 91
58 22
20 75
69 47
45 94
84 62
51 69
54 37
33 81
9 19
57 72
48 44
12 68
48 63
33 91
23 65
5 22
66 60
62 70
16 13
76 98
6 69
92 41
39 52
78 28
22 45
79 59
96 1
35 77
76 60
2 73
51 49
44 67
67 94
90 44
9 59
30 83
44 24
29 5
33 74
71 56
34 62
23 15
41 20
67 2
35 87
95 56
49 7
67 98
X
37 13
3 57
47 1
69 63
37 23
47 17
34 37
22 62
53 21
30 36
47 69
93 53
19 93
24 46
60 68
70 55
64 61
78 66
40 39
62 47
18 95
84 7
27 20
88 0
6 61
47 32
3 71
44 70
74 34
45 92
83 77
31 18
2 77
84 13
91 76
97 65
34 64
47 79
56 51
8 7
51 39
77 54
40 56
59 84
4 86
98 46
42 59
72 35
14 84
24 18
59 41
74 98
10 48
35 86
95 57
45 83
45 76
20 93
45 49
88 13
69 81
33 43
65 56
39 95
29 28
27 45
97 66
17 51
53 39
13 64
45 28
19 70
6 96
8 70
29 78
61 73
8 32
40 49
76 55
62 80
7 1
21 58
30 46
73 76
90 71
40 0
26 42
98 24
93 40
2 66
34 86
57 12
72 68
63 28
67 42
89 41
17 80
52 25
16 65
52 45
58 31
26 5
59 72
46 49
16 50
51 48
14 11
55 21
73 22
10 97
8 22
22 85
9 66
74 59
37 28
1 24
0 70
35 85
50 46
11 21
50 35
47 77
65 47
77 33
3 97
75 60
9 80
29 49
69 29
65 88
60 77
2 58
71 26
82 17
89 96
81 69
14 25
34 21
45 59
76 63
12 90
81 47
45 14
66 48
54 50
10 75
14 70
84 12
60 63
93 64
48 82
69 56
81 24
12 92
54 59
35 46
79 13
19 78
3 38
13 63
78 81
66 50
84 35
64 7
8 28
5 82
0 94
98 85
43 33
72 48
23 94
98 25
45 78
10 36
86 82
12 96
97 94
67 76
24 93
45 20
49 96
96 72
22 35
16 55
84 29
11 90
69 70
72 59
38 25
56 59
71 38
80 20
2 23
19 40
25 68
54 0
66 55
89 14
59 63
7 49
71 54
6 9
14 39
74 7
66 94
37 64
27 49
83 23
35 88
8 6
65 72
71 95
71 47
46 60
50 51
76 58
69 40
53 97
92 39
87 73
42 80
46 17
34 47
37 91
82 76
32 50
36 66
83 90
21 22
6 4
31 97
1 58
76 75
24 54
37 96
39 49
33 46
20 53
8 81
67 25
91 38
40 52
87 74
3 28
55 12
47 91
35 71
90 98
57 82
61 59
48 81
46 79
76 38
24 81
88 50
13 4
69 30
50 64
75 76
66 23
73 7
36 48
4 70
77 63
1 61
75 86
8 83
16 24
85 13
54 41
12 55
10 13
70 29
62 59
91 37
43 24
36 74
34 14
20 83
55 51
73 74
2 25
96 56
74 31
75 92
6 14
27 87
90 85
54 53
19 35
5 21
48 96
86 33
42 57
22 53
30 48
9 79
29 80
83 87
30 89
59 52
49 88
70 62
6 70
97 19
68 88
94 7
52 53
10 19
62 50
4 41
75 32
73 53
20 92
33 72
21 20
59 2
46 5
67 30
14 96
71 57
5 35
68 91
96 47
67 93
72 50
13 83
73 24
16 1
48 57
28 71
51 22
22 71
79 88
69 3
94 82
12 82
45 19
66 21
24 68
83 49
37 56
23 92
8 9
46 77
42 49
16 5
34 80
75 1
65 42
78 54
49 28
89 93
81 9
95 49
80 7
16 95
25 89
95 97
43 55
96 92
21 4
76 36
76 59
43 23
23 21
53 47
90 14
95 46
54 15
54 2
11 36
79 93
64 98
24 15
64 85
80 3
54 84
57 61
73 60
16 52
34 43
38 19
11 94
21 68
17 23
57 78
0 82
3 18
46 8
72 51
4 39
98 47
19 6
89 57
6 95
18 74
30 40
17 59
34 82
42 67
23 64
22 2
77 93
74 77
61 17
63 92
73 79
34 39
72 25
90 32
96 39
97 38
50 27
X
41 13
47 29
4 43
48 80
61 84
33 67
3 40
44 93
61 61
89 65
58 74
14 92
40 44
15 68
94 25
98 81
64 91
75 53
6 74
84 98
41 18
16 76
14 83
7 97
24 19
53 57
X
40 51
72 39
77 36
85 59
82 54
61 48
40 68
9 3
67 83
50 87
83 10
60 59
4 52
X
72 10
73 73
48 37
2 12
47 97
79 17
5 58
85 64
6 22
76 62
9 11
10 41
50 8
37 80
92 33
60 54
88 15
60 64
3 89
63 53
39 63
5 9
3 35
21 59
27 85
12 83
85 6
19 9
61 74
55 60
74 6
59 62
15 87
88 4
61 27
31 20
13 37
X
26 46
57 86
86 74
65 19
86 35
28 67
57 91
13 12
54 85
22 63
61 76
90 37
4 34
80 31
7 75
85 10
43 31
73 82
95 53
7 40
37 50
0 53
13 92
26 10
45 16
91 97
50 59
X
97 40
43 89
81 80
50 52
16 59
18 64
48 28
58 71
58 17
62 17
89 68
52 30
83 66
37 22
87 87
16 69
36 16
64 62
79 8
16 14
42 83
74 63
87 14
64 80
66 84
12 59
25 27
42 81
98 79
36 38
89 80
6 8
89 31
89 45
89 22
84 5
71 92
3 19
69 7
90 75
26 66
21 52
44 77
66 8
86 60
72 20
84 14
40 83
95 5
66 56
87 56
89 71
36 85
46 11
8 88
64 46
42 22
61 54
77 15
97 95
88 92
72 64
57 7
5 6
11 46
28 30
44 35
63 11
83 50
72 58
73 85
28 40
4 40
30 41
64 90
43 76
5 93
58 43
35 27
92 93
77 46
72 55
10 66
11 30
36 58
32 29
4 80
64 56
91 7
91 15
26 45
69 2
76 35
71 14
28 77
10 91
94 5
36 95
96 15
42 3
98 3
5 5
13 72
44 41
23 98
89 70
5 32
55 45
64 63
25 46
84 70
85 40
68 79
67 54
14 71
43 9
96 29
4 68
29 77
72 2
55 78
21 66
65 71
57 55
72 61
81 72
44 25
66 10
39 77
37 97
24 43
1 70
15 70
20 95
74 4
87 8
97 27
40 55
60 48
96 20
65 91
52 7
47 48
91 65
65 6
70 48
5 63
73 30
45 1
89 39
94 2
39 15
27 67
33 51
48 47
8 65
62 60
49 55
39 29
75 64
70 22
72 56
89 40
2 69
73 83
75 89
12 76
11 76
78 80
61 9
29 6
26 87
81 87
4 22
92 34
2 70
17 88
70 27
10 18
14 8
25 22
25 19
24 89
59 73
22 67
63 54
30 68
0 64
91 23
59 47
60 1
82 26
56 27
2 81
39 19
17 19
57 96
25 36
59 80
95 62
76 19
71 36
83 5
6 52
39 20
93 93
15 8
90 35
44 9
23 18
45 21
18 82
12 41
53 2
3 68
13 17
22 31
74 81
41 83
92 21
65 12
98 33
7 23
62 31
24 44
23 93
57 68
89 81
84 60
79 38
35 15
60 81
72 31
84 17
45 39
54 71
39 37
5 49
70 63
80 48
30 33
28 28
X
32 88
34 34
83 56
10 16
62 36
10 44
3 24
37 95
44 65
69 36
23 77
36 26
35 31
49 8
40 85
21 64
90 93
93 41
20 35
48 35
19 19
13 48
7 29
11 42
61 57
10 24
23 40
77 16
23 42
56 98
44 17
7 19
17 28
87 90
98 44
7 15
55 91
34 92
55 58
78 59
41 96
58 73
4 2
49 47
69 95
91 18
26 30
46 32
20 30
9 69
37 65
10 46
6 11
81 13
72 49
55 39
18 8
19 75
92 55
91 86
14 38
19 18
95 54
94 62
71 65
54 19
24 39
82 18
93 56
10 34
92 59
88 33
20 80
82 77
25 43
93 54
72 24
68 84
48 3
20 25
80 28
31 79
17 49
80 87
15 86
40 74
33 62
63 37
98 96
51 9
74 75
59 37
13 95
24 56
72 0
72 32
59 29
9 58
62 23
15 47
26 77
48 54
58 52
59 64
58 15
36 28
0 59
97 8
74 61
34 18
55 62
62 90
50 4
53 15
95 55
35 64
97 23
65 39
75 54
70 50
57 92
47 72
3 9
17 35
98 61
93 4
73 23
33 21
8 64
61 70
58 78
76 54
19 43
36 81
76 40
9 85
27 46
10 22
5 95
62 28
48 62
36 39
7 92
96 78
20 20
60 22
30 87
63 41
57 24
8 98
82 53
48 71
56 85
29 25
2 47
52 41
75 94
92 51
86 12
31 50
12 29
85 60
73 61
92 37
84 47
7 74
23 97
60 91
26 85
35 83
36 0
29 29
49 54
15 2
21 97
22 54
52 81
44 84
6 83
58 75
87 12
13 53
78 1
28 5
62 29
53 7
14 16
94 4
49 69
91 1
47 16
40 11
55 50
19 7
20 17
82 23
88 34
77 75
66 3
39 48
90 45
75 31
42 6
97 41
4 25
66 44
84 81
40 50
41 68
25 5
88 55
38 17
30 24
61 67
73 27
19 22
78 2
53 23
30 84
37 17
49 23
52 58
21 33
78 32
8 79
47 39
79 45
7 82
16 64
51 17
91 45
70 61
50 21
94 74
84 6
42 84
47 92
17 60
73 97
14 24
54 70
11 74
13 98
58 81
50 76
68 21
49 61
77 40
58 69
46 28
51 58
52 90
23 53
84 56
34 56
6 35
89 90
65 70
51 89
6 24
66 27
61 1
33 75
32 62
97 91
87 91
97 56
97 90
65 87
24 55
44 36
20 82
73 98
70 58
77 61
15 69
37 68
34 13
87 40
66 95
16 40
96 76
87 92
29 10
46 7
51 57
25 17
18 33
82 14
91 46
58 94
8 15
51 29
82 21
16 54
5 53
98 34
21 98
16 34
95 69
93 13
35 7
93 23
80 66
92 44
7 22
36 92
12 56
88 87
89 36
56 54
51 19
77 30
72 13
98 1
5 69
53 43
35 81
94 94
57 69
86 10
94 76
13 9
8 82
30 45
19 42
39 38
57 80
1 53
60 73
74 56
46 19
64 82
65 41
73 49
37 98
2 55
57 64
69 24
7 30
75 0
53 25
15 97
55 55
40 38
86 30
16 17
86 22
54 17
47 40
69 4
33 93
7 35
88 65
7 21
6 89
10 40
24 24
64 24
15 35
5 26
62 15
80 61
15 39
43 77
85 36
79 28
7 46
4 56
93 59
8 75
57 3
79 37
37 20
85 98
50 39
1 46
54 42
57 65
56 12
70 5
13 8
94 73
40 14
29 47
82 68
57 21
15 9
25 85
76 89
98 39
70 4
62 61
12 79
3 52
25 39
64 45
47 67
7 6
23 58
19 56
38 16
25 87
45 42
13 50
51 24
83 46
3 84
5 38
65 30
93 76
44 57
49 3
6 41
69 38
67 87
95 44
66 51
74 3
33 13
98 18
71 29
68 93
58 98
15 3
66 96
34 81
49 80
2 63
30 6
91 94
4 93
45 68
89 63
48 41
40 35
79 16
79 20
49 53
79 55
24 45
19 14
85 56
58 39
7 78
32 77
42 2
52 24
66 93
7 37
77 34
23 78
24 16
39 33
50 17
31 23
28 75
79 31
68 38
17 27
5 86
79 44
77 78
77 49
24 48
54 26
93 74
68 70
42 14
75 7
70 67
22 38
42 17
32 60
68 77
38 64
25 83
33 35
3 73
43 90
32 67
4 33
22 22
78 69
76 80
74 74
64 42
56 28
10 49
42 94
1 51
5 44
74 82
95 89
73 96
36 40
18 43
39 16
90 74
8 2
34 78
83 89
62 11
80 94
38 71
74 71
68 95
38 97
8 39
21 30
67 89
4 17
86 21
45 89
23 82
33 32
39 50
29 40
83 18
84 91
7 17
20 78
26 68
66 42
49 5
44 78
62 91
63 64
36 14
55 70
10 62
66 33
87 29
96 24
98 86
78 60
20 15
89 97
44 7
8 45
74 76
53 24
25 44
29 52
74 20
50 3
62 94
52 64
31 82
7 72
73 71
80 13
84 64
94 21
26 48
27 5
17 93
81 79
39 61
23 24
4 9
92 81
98 45
83 21
77 85
82 2
46 94
1 98
30 1
66 18
41 56
14 50
16 4
24 85
4 84
47 24
83 93
95 85
91 31
97 54
68 25
52 23
97 51
87 88
20 77
71 9
51 90
17 41
73 72
44 33
43 95
78 37
93 36
22 77
1 95
59 23
12 35
21 82
92 94
39 47
25 52
83 80
83 4
25 11
54 77
78 93
48 79
57 83
53 66
69 93
81 84
31 60
7 51
63 79
85 55
67 21
6 23
87 36
75 87
58 37
38 84
54 20
93 31
33 24
85 68
3 17
0 86
71 89
79 1
78 67
65 63
80 70
44 26
96 53
88 7
77 53
15 89
69 96
43 56
79 47
41 88
80 90
57 53
21 57
72 43
56 45
46 96
53 27
87 11
79 92
33 95
56 90
23 29
22 64
50 92
54 25
27 86
97 26
73 36
5 98
18 53
54 39
70 35
52 98
35 67
59 74
6 80
42 77
50 77
11 92
31 89
31 70
46 89
15 90
57 43
59 59
56 79
21 69
90 16
5 12
84 61
17 65
49 42
73 18
78 94
41 77
50 57
31 8
83 81
84 86
59 82
58 91
41 46
54 24
41 87
66 75
38 74
25 6
77 94
9 39
40 40
81 98
91 55
46 1
19 64
70 60
11 98
X
75 35
28 69
6 76
55 16
81 75
50 33
15 38
42 79
82 22
59 67
30 22
38 36
91 26
63 2
50 71
66 30
94 15
62 64
10 59
32 6
83 13
76 70
58 59
19 82
90 23
96 33
30 74
42 69
55 56
48 46
34 50
50 2
89 77
22 57
22 73
9 10
90 31
50 47
30 67
3 10
65 93
44 87
53 37
1 56
18 7
49 81
X
12 48
95 68
8 35
9 78
98 87
81 71
30 80
41 37
12 37
6 71
77 76
18 3
24 91
12 21
8 56
47 49
60 80
34 89
83 34
70 81
13 75
41 70
19 13
95 15
45 56
95 3
35 89
54 7
44 22
63 36
14 77
13 28
62 39
67 37
2 53
33 80
41 91
1 94
53 16
39 75
82 8
36 27
57 28
98 82
15 17
26 75
3 82
31 17
18 79
71 25
30 79
21 19
81 31
84 67
93 29
72 26
38 45
93 80
87 24
59 18
55 36
45 29
53 68
25 90
86 61
15 11
38 35
23 41
96 71
48 93
64 84
70 28
52 75
22 60
26 11
24 3
87 23
83 17
88 54
52 39
93 89
2 97
63 47
33 94
92 45
10 76
57 5
40 88
41 40
36 22
91 82
58 96
83 91
65 64
43 85
81 7
53 93
55 31
86 14
14 97
32 71
46 95
4 78
75 45
18 89
70 65
80 64
63 44
6 77
X
60 27
58 56
96 82
21 38
49 35
94 86
68 31
84 68
68 43
25 4
38 63
86 70
45 26
48 66
10 61
98 12
91 41
39 46
77 64
97 4
37 89
16 49
77 48
43 16
65 76
18 25
80 82
89 50
3 74
96 96
89 25
10 69
4 15
93 88
8 10
34 48
94 57
27 66
10 29
74 18
51 81
29 26
66 41
36 83
48 59
10 15
13 45
38 34
48 7
12 84
14 37
53 60
65 9
79 69
82 3
58 38
2 48
26 80
37 14
98 65
45 61
14 72
95 10
49 90
51 6
64 38
30 35
87 16
8 55
46 51
75 48
91 77
59 54
47 62
82 93
97 13
3 77
97 45
3 50
26 8
2 64
1 73
28 34
74 73
3 59
56 3
97 71
9 65
98 26
21 77
36 47
85 7
18 92
48 38
20 11
94 28
39 22
6 53
53 84
94 12
29 73
1 60
33 63
14 91
62 69
2 76
2 14
50 28
88 22
58 65
89 55
86 77
88 16
53 1
55 34
58 60
X
90 67
12 40
50 42
72 69
1 63
44 62
15 62
18 12
45 11
66 28
74 60
75 74
13 25
4 97
14 28
47 94
70 64
21 23
74 30
28 70
25 56
54 29
44 16
46 76
35 42
94 80
90 82
56 11
89 84
12 62
18 22
60 40
75 25
50 86
84 25
86 45
51 71
71 78
7 28
28 45
27 84
91 42
74 39
72 42
65 29
12 77
1 57
84 85
95 27
42 20
38 51
9 49
39 43
3 58
70 93
18 41
70 94
18 54
27 47
73 46
43 73
59 81
27 23
85 61
63 70
58 47
38 82
42 56
65 98
54 64
33 33
10 39
9 36
15 79
98 42
93 71
90 42
6 16
59 78
60 92
41 74
89 85
16 91
12 11
42 86
28 60
23 61
40 73
66 22
26 9
51 20
24 98
77 92
26 40
28 23
24 17
86 62
83 88
20 56
86 81
11 15
94 58
74 93
19 83
56 39
X
1 9
42 74
96 41
66 54
8 97
82 1
12 89
87 79
39 74
49 17
5 96
43 57
14 3
71 60
57 95
47 87
26 98
78 55
73 9
87 77
55 52
78 34
52 16
51 56
57 56
69 62
49 62
79 89
61 25
46 29
82 58
1 55
48 70
78 47
20 41
X
67 45
77 24
88 2
5 10
47 28
91 4
X
X
X
X
96 11
X
2 86
15 53
X
96 57
94 70
12 6
10 37
X
52 6
25 84
X
19 71
90 0
31 93
X
X
X
X
39 90
61 77
65 48
X
24 6
X
X
X
66 37
80 22
X
X
X
47 6
98 51
X
31 86
X
X
X
30 43
33 11
95 65
X
83 67
X
X
51 50
X
40 25
73 16
90 51
X
63 75
X
33 18
X
11 22
77 45
X
21 21
15 10
0 69
86 83
X
76 23
X
1 27
30 26
17 6
X
52 18
82 20
93 69
X
66 83
X
X
32 41
77 13
94 77
35 49
X
17 7
78 31
X
76 71
83 40
82 73
48 45
35 63
18 19
X
X
69 53
74 92
43 59
85 16
X
22 42
41 38
X
63 25
87 46
X
X
42 36
64 49
56 31
13 89
35 10
42 95
59 66
X
36 52
X
27 64
63 76
X
38 31
X
68 24
7 2
X
X
X
34 88
X
X
4 69
29 68
55 82
X
79 5
X
X
X
36 73
13 59
69 68
X
20 27
57 73
21 17
95 78
X
77 67
34 41
20 55
X
33 64
42 78
X
77 51
90 65
X
X
X
X
83 94
67 22
X
17 54
12 1
86 42
22 95
27 82
17 40
X
X
X
X
43 28
85 51
56 87
1 68
15 96
X
91 63
X
43 94
X
44 60
12 25
67 63
X
58 7
X
X
X
X
X
40 12
63 38
X
X
43 37
39 68
X
18 5
38 0
90 26
53 59
28 74
67 81
69 22
X
X
75 33
75 51
X
55 19
81 25
0 95
X
X
X
96 49
X
X
10 68
X
X
X
X
X
X
X
84 65
19 73
48 31
71 70
31 94
2 0
50 79
36 49
23 75
X
77 69
6 21
X
86 3
80 47
6 85
X
41 75
28 78
28 58
83 86
85 80
16 81
X
X
50 7
X
16 92
5 74
X
X
31 26
83 61
X
53 80
42 63
61 29
X
20 62
79 15
17 16
94 37
X
X
52 60
39 21
X
X
70 44
X
77 91
40 77
17 20
62 51
X
62 93
X
93 91
76 87
X
X
87 52
92 22
X
X
X
10 17
2 49
13 33
94 59
X
X
75 30
X
X
30 98
X
X
51 51
76 28
X
53 61
27 58
X
94 27
59 96
55 85
95 39
X
87 49
X
10 32
23 47
X
X
X
X
8 49
X
98 31
70 20
X
20 58
X
X
72 72
X
X
4 3
8 47
66 40
X
87 43
56 69
97 43
10 21
81 96
X
20 70
46 21
X
X
X
62 25
X
68 80
X
38 1
76 53
74 8
58 85
X
X
50 62
X
68 42
86 37
82 25
X
1 72
X
X
X
X
44 58
X
83 38
77 56
22 30
88 53
28 49
72 47
X
0 50
X
54 90
X
X
35 62
15 77
42 10
79 10
X
X
43 53
X
71 52
60 29
46 18
X
X
91 98
X
24 75
93 78
20 73
13 61
81 48
77 89
X
98 78
67 55
74 21
73 35
89 53
X
X
X
44 54
X
X
75 21
X
1 48
56 29
42 7
27 78
X
81 86
X
X
X
8 50
X
X
X
X
X
X
20 14
X
X
24 59
5 55
X
33 66
31 71
X
23 90
63 35
X
X
14 7
X
X
X
91 20
66 66
31 32
X
49 12
94 44
3 30
X
17 84
X
X
X
34 95
X
38 37
X
X
X
19 57
46 64
X
88 41
X
57 23
X
X
X
73 95
37 66
62 88
79 84
7 4
15 34
X
61 26
82 31
X
85 20
X
74 53
X
X
X
X
X
94 46
23 37
20 72
X
10 93
X
X
24 84
47 60
X
39 44
27 34
90 70
X
36 45
53 17
15 91
27 83
61 65
X
X
49 57
44 37
X
13 14
35 92
79 75
91 92
67 39
65 49
17 91
89 62
14 19
5 90
14 69
4 49
8 96
37 87
58 26
36 72
X
X
96 32
X
X
13 87
X
X
91 16
40 60
X
96 89
X
X
X
59 40
98 71
X
56 52
11 56
39 45
11 69
X
38 58
X
9 25
56 42
1 97
65 69
X
X
X
55 79
X
54 21
8 41
60 85
42 24
9 67
26 73
95 47
27 39
X
94 92
77 21
87 38
30 39
44 96
X
X
X
X
28 50
39 82
13 86
X
29 37
5 20
90 46
21 2
18 28
X
67 26
6 26
96 26
76 93
41 92
47 52
X
11 61
23 35
58 80
53 28
50 72
56 94
X
52 73
X
58 54
70 95
55 32
55 88
X
X
X
X
40 9
66 34
X
92 70
X
X
27 91
X
67 77
53 18
X
X
X
80 54
11 59
51 34
X
51 86
14 18
27 21
67 74
X
21 29
X
X
36 62
59 92
48 56
X
X
54 83
13 79
17 5
8 57
39 17
47 7
24 53
31 57
8 91
78 79
69 83
42 5
28 42
X
23 7
X
11 91
79 87
X
X
73 43
X
90 17
X
59 71
28 80
6 94
97 67
43 1
38 68
11 33
24 95
63 7
86 54
67 70
21 94
X
65 90
34 65
X
X
77 47
33 17
71 7
27 60
15 27
X
29 75
78 82
54 1
44 48
31 2
X
X
91 34
56 9
X
54 38
X
X
X
60 71
17 96
X
X
X
74 22
X
X
X
58 57
32 2
95 64
67 57
X
X
75 72
X
X
96 45
77 17
4 71
19 80
X
X
5 97
X
80 1
95 70
6 40
35 19
56 33
X
70 46
45 37
X
26 41
70 31
96 36
X
78 35
98 68
X
X
73 86
X
X
83 95
79 61
13 77
X
X
88 5
X
X
13 16
X
X
6 90
X
18 27
7 7
6 84
86 41
X
X
50 67
X
X
X
84 1
X
X
45 24
X
65 65
X
70 32
8 12
X
X
X
51 4
X
46 33
87 44
X
X
X
X
15 64
25 30
X
70 80
39 53
12 7
X
X
X
69 55
45 82
X
62 9
X
X
X
X
53 65
87 85
18 62
X
X
X
49 14
X
94 55
80 30
64 72
14 88
27 74
X
X
X
43 62
X
X
32 31
22 69
80 65
X
41 10
X
1 64
47 70
X
84 78
X
X
X
6 98
X
3 12
23 2
X
78 14
X
81 85
X
X
51 25
17 17
X
X
X
5 51
X
30 86
X
8 40
27 98
65 8
54 58
24 36
26 28
53 45
X
48 85
13 23
X
71 34
36 88
47 59
37 36
X
76 78
X
X
61 89
X
4 50
70 8
X
X
33 26
27 14
97 59
52 21
57 33
75 91
95 77
85 25
29 42
71 32
84 79
8 93
0 15
41 48
60 56
7 80
80 45
X
X
3 27
60 53
29 97
X
55 46
X
X
54 63
45 40
24 94
21 28
X
76 24
X
27 90
8 30
4 51
X
11 8
X
X
X
60 86
X
X
X
X
X
X
1 19
X
33 38
X
69 90
X
29 81
X
X
80 93
69 72
31 39
X
22 13
X
X
X
29 4
X
27 41
X
X
28 57
X
X
10 84
55 5
28 83
X
97 92
26 76
X
30 37
44 50
X
17 14
X
X
41 67
59 38
58 4
X
X
87 3
X
87 35
X
76 66
X
X
75 46
X
61 47
80 92
3 32
52 91
X
X
29 50
X
90 76
13 40
X
X
26 12
X
X
X
X
64 59
X
45 43
79 14
X
X
X
X
53 74
20 42
X
37 77
4 94
39 11
39 97
X
X
61 85
X
X
28 91
78 15
X
57 34
X
21 72
37 92
X
11 72
39 57
9 60
X
40 23
X
X
31 25
15 71
X
X
86 53
X
2 59
22 44
X
83 26
61 53
52 51
7 10
85 35
X
X
10 67
61 36
X
30 15
X
52 52
X
58 21
X
X
11 54
X
18 75
X
32 3
24 26
X
X
72 89
38 33
X
44 90
54 86
X
93 27
X
48 77
82 74
0 68
11 86
X
X
X
73 59
X
X
X
X
X
48 50
74 64
4 76
88 28
X
X
85 52
X
X
30 30
81 66
X
X
5 33
X
X
X
68 98
98 50
48 60
X
52 56
X
92 92
18 59
57 90
X
X
36 30
X
28 72
X
X
12 46
X
64 96
18 71
90 63
25 53
36 50
X
0 98
57 51
26 78
X
X
91 44
35 39
X
18 65
5 61
X
88 83
87 80
X
67 41
X
X
65 62
X
X
6 42
X
31 92
86 18
X
X
X
X
95 14
X
39 51
36 86
41 57
74 87
X
5 87
82 48
65 17
50 48
87 7
23 72
X
X
94 83
33 87
X
X
X
97 57
