13
52
73
85
181
184
268
463
136
508
277
348
484
678
841
873
885
578
603
501
765
895
902
150
443
122
210
945
77
704
881
1
534
559
494
783
884
422
354
424
4
25
101
246
406
290
818
87
570
699
896
524
317
555
560
134
932
377
200
396
787
64
720
526
269
735
796
350
286
803
814
607
379
717
993
522
621
179
955
156
762
918
446
596
808
282
205
258
776
512
802
938
991
948
201
935
108
147
447
202
635
66
906
469
500
958
970
382
572
423
611
5
850
133
854
327
876
112
940
916
255
227
439
289
586
295
754
30
591
190
107
321
358
264
502
259
233
197
46
228
537
784
404
631
260
757
573
930
786
231
307
947
756
376
248
953
54
22
917
378
153
400
974
211
409
35
933
719
386
898
380
232
440
457
820
188
360
535
421
29
882
209
770
344
194
9
845
816
299
541
81
94
433
546
553
711
70
593
167
74
878
716
936
28
401
478
0
929
166
296
750
963
143
799
992
997
449
224
8
516
531
679
939
221
191
239
640
273
639
361
723
395
79
21
462
606
605
729
913
461
319
977
594
651
116
219
701
994
16
998
779
797
247
769
385
230
235
798
544
979
957
72
707
63
551
549
415
86
513
830
89
243
849
858
313
625
225
730
331
465
486
981
848
880
335
928
334
353
369
610
263
131
39
162
733
668
371
311
702
207
408
615
822
864
216
127
964
837
137
148
926
956
256
602
170
206
196
31
144
47
49
604
600
834
870
521
901
322
566
674
125
27
420
169
359
106
851
726
214
448
158
145
540
345
805
476
619
520
949
292
813
473
982
712
151
183
713
739
454
98
897
641
629
71
689
234
862
944
18
237
43
927
580
403
507
412
470
445
19
455
62
545
93
654
731
58
842
810
616
781
17
791
467
807
844
342
952
365
99
582
110
316
155
490
120
523
868
244
695
477
138
171
324
352
330
871
741
217
676
530
959
624
579
305
154
266
413
366
583
414
722
743
208
310
126
226
828
758
117
251
497
909
135
823
472
539
734
973
6
988
887
245
314
504
905
911
812
34
347
238
793
665
441
23
742
995
941
657
688
724
672
806
725
50
752
623
694
253
435
528
967
585
390
775
193
673
195
682
907
491
370
924
677
869
975
59
715
303
499
203
671
308
825
495
867
879
829
890
67
685
597
411
785
946
886
198
372
584
301
309
336
590
542
951
794
888
558
302
675
429
464
139
626
339
56
859
163
920
788
996
129
391
863
598
42
175
7
91
835
373
431
103
364
811
152
367
485
489
338
861
985
173
388
914
496
41
250
628
983
518
773
681
252
140
922
937
458
577
453
525
417
355
176
795
613
96
921
480
643
972
113
270
999
774
121
