3
111
131
168
217
220
351
390
257
561
398
228
466
288
695
1762
577
533
320
717
546
770
927
966
1009
1227
947
1446
1455
1548
1576
1645
1017
1049
1055
709
1676
1261
1416
1591
1753
1917
1299
2026
2204
2246
2816
358
2879
1467
2968
555
2988
2997
1790
2356
1987
2534
910
246
1033
1281
1684
1163
610
2686
2780
626
1959
109
192
1528
396
2538
699
719
2408
791
679
686
972
2462
815
832
869
1079
7
986
2856
1146
1086
1479
1090
1224
2610
2926
1448
1302
661
2955
300
1654
1384
319
1442
2093
1421
383
2287
2248
1547
422
1893
666
75
2454
151
1889
2487
2469
2699
879
2941
68
152
2627
1716
1964
689
1557
64
955
71
2000
2302
1508
1702
191
1663
1028
393
580
1562
1760
2235
1962
2179
2340
209
404
2485
969
2497
2518
1827
1036
2846
1627
843
2123
316
979
2938
2273
1056
41
1290
1160
995
1936
1306
628
821
871
1514
430
1948
1894
639
2969
2150
939
2577
2854
2081
674
2323
515
1437
1791
184
1354
2493
221
63
1377
1298
2194
2504
2586
2638
2251
2529
865
673
1648
2692
40
61
1515
901
2998
1776
2120
2172
2999
625
366
140
2331
730
1432
1737
233
53
298
5
323
575
1388
1761
1096
21
2375
57
299
1216
2009
343
799
335
2653
289
203
1481
905
1568
2244
1583
1190
1222
2027
501
2192
2112
2918
2800
2477
777
405
633
2437
2668
2475
2878
589
2457
1385
2243
637
1214
1327
102
440
1621
2659
890
2934
392
669
2222
431
928
2944
1154
2021
1947
1241
2514
1535
2560
438
741
2382
1011
2284
266
338
2065
1140
1860
2561
1167
884
2929
1942
14
418
1598
2747
419
1389
1622
2958
921
2629
1153
1821
733
2193
826
2463
2102
1956
2713
547
2639
2729
828
334
1352
2261
1399
1862
2114
285
2245
567
1920
2136
263
2209
2605
894
1132
290
1233
749
2337
635
1820
538
2333
2332
1826
1280
2264
1974
2442
2524
2793
48
518
2377
2664
756
282
1168
2970
2790
1669
1940
2232
2023
2424
2393
583
165
1561
45
1892
2523
2545
47
207
1265
83
622
2651
1336
1365
1817
222
2094
520
1424
1782
656
762
775
2786
1225
1461
2623
1566
2173
1623
2743
201
2346
2640
796
1617
2674
2288
2609
2295
990
2415
2826
470
2647
2050
247
2401
104
169
1340
309
429
340
1062
2957
433
1074
683
1328
1540
242
1619
1374
1610
1865
2013
605
508
2630
2294
2074
1370
594
750
2690
822
2296
1274
2696
365
1252
92
2200
1513
2886
1245
514
1664
891
2407
2018
2122
2887
187
1408
1819
2223
2381
197
1881
269
25
2137
2902
31
1092
2825
1749
487
2089
1787
239
2444
1273
283
2898
352
2406
372
2867
2660
1105
1170
2104
2838
2361
243
1878
1579
2196
1471
2845
2911
93
2358
784
394
437
2821
621
1620
1475
2061
2616
807
164
2202
2871
974
551
812
964
2453
1874
2695
2904
2049
44
276
755
2945
2350
1812
2536
1895
1554
2592
2992
2756
2224
177
1665
1976
2467
1321
1644
529
66
976
1685
489
1933
94
983
2849
1064
2144
1534
2140
527
1541
1723
1441
1904
2167
544
261
1085
411
2496
2291
907
2847
898
805
864
1258
734
1478
1986
671
1516
2510
1131
1264
1338
1343
1596
2753
11
1833
1946
1593
2108
2420
1353
214
2473
2508
982
1834
444
2366
2525
245
349
1081
1930
631
2798
711
735
2419
1077
659
1308
2252
1175
585
766
488
2888
888
2449
1996
1000
2509
1995
1136
1570
1240
1848
1242
2088
1496
1533
268
1733
1325
2024
193
1537
234
1102
2501
663
384
932
1907
1407
1809
2033
911
2884
2185
80
2549
1588
1296
1935
303
2662
702
803
2861
2103
2973
965
2129
2670
2164
225
200
2218
2815
2228
2319
1503
2772
2910
1116
272
91
175
2981
912
2247
287
570
2994
525
899
1937
2644
2922
1661
1358
1924
2853
1908
2533
1004
657
1236
2169
1968
1287
1466
2390
2225
2212
2268
2511
2398
918
99
1632
885
859
2280
1165
904
2646
1119
1332
1913
2314
2491
1639
1714
2806
412
1981
1112
788
2217
250
385
1104
458
792
1323
1278
1344
2822
2939
1440
1438
810
1707
84
1880
873
572
975
992
1380
1420
2265
1434
2751
835
1602
2171
2004
1506
2468
216
2663
103
23
1551
1592
321
1727
824
218
292
2812
2870
2781
154
90
415
2396
713
842
744
913
403
2387
846
1134
2367
1250
1814
330
1239
2598
1875
2471
1423
1164
1044
2942
2705
2557
204
2824
76
1497
1257
1536
1692
2464
2842
1951
15
139
2007
1212
363
1349
2645
738
1672
1691
2632
13
132
158
1024
1324
183
1351
2242
241
297
2441
1184
1469
1843
1643
540
1854
1103
593
1182
1929
97
2161
838
1866
1898
1276
2637
1124
2044
1297
2051
941
742
2178
2455
2667
2909
2369
2803
1785
1524
1818
2300
1300
147
2925
291
1283
1815
1357
167
2124
945
2757
425
1519
1148
2118
1896
256
2134
2234
436
329
1799
868
2343
571
160
1139
994
999
2045
2877
1311
2989
1587
1188
2714
612
1630
210
1015
1697
1254
1649
498
2231
1747
1813
2697
1955
2311
2233
2012
2620
1966
552
2890
34
2476
2693
2768
354
2043
560
1026
294
1141
818
1769
304
2201
720
1836
1059
1777
1626
1022
2832
2546
227
2312
1356
1739
1584
1745
2057
2611
2281
1545
301
1186
1372
2271
1226
1275
2860
2499
731
2317
2817
1191
2517
772
28
427
1569
2965
1792
1398
1624
1758
129
510
729
1522
769
1801
