12
15
461
496
539
587
621
795
887
892
912
926
1088
1097
1194
1363
1481
1501
1635
1704
1781
1839
1899
1918
1947
1968
2089
2112
2132
2244
2267
2357
2361
2509
2551
2605
2611
2764
2781
2865
2910
2911
2921
2998
3043
3179
3280
3389
3444
3534
3575
3616
3617
3637
3723
3787
3812
3952
3965
4048
4055
4151
4175
4239
4241
4339
4402
4472
4577
4623
4712
4726
4738
4758
4925
4950
4973
4987
5007
5180
5213
5244
5271
5273
5302
5375
5526
5581
5662
5724
5836
5871
5873
5889
5923
5937
5974
6059
6075
6103
6130
6149
6155
6276
6343
6353
6416
6446
6486
6557
6707
6800
6817
6881
7045
7088
7124
7195
7219
7395
7407
7505
7550
7570
7596
7669
7700
7763
7791
7890
7898
8018
8026
8081
8165
8174
8196
8223
8306
8343
8355
8376
8422
8455
8501
8506
8599
8622
8698
8748
8765
8767
8769
8812
8862
8881
8924
8942
8970
9098
9157
9176
9212
9232
9539
9622
9672
9822
9838
9848
9895
9959
9984
10263
10322
10325
10415
10582
10617
10634
10706
10718
10940
10965
298852
432291
129844
270591
130671
164071
296070
57975
168610
75975
207078
486033
352286
333081
64760
171169
178318
388557
410706
320051
331476
419312
126673
182396
305323
343282
181563
183507
273526
38253
229707
203147
236701
353938
362508
373333
460659
16140
29109
80065
87433
164209
181602
248897
425075
47601
166418
268082
403853
469751
476008
487574
75033
223487
250160
108064
135426
159777
185367
197129
238669
241139
289648
313924
342819
47490
208183
212090
260797
264160
358707
445256
495495
499439
138240
343318
382500
468769
481146
205819
236095
237588
242683
414613
497095
64183
78566
108731
140399
169547
186513
330904
374749
50763
58158
116485
119955
189904
218526
231198
310834
321542
351693
360859
385989
420051
51675
66764
128125
193481
199903
207826
211209
222527
313418
347202
389455
414375
425274
442702
460532
470291
473028
494260
14766
19262
84114
118610
121217
147376
168808
284054
298427
308097
363274
404997
10966
440854
11056
456930
16033
11137
102670
165694
11149
228494
11275
271884
289223
11518
304348
347827
11575
353452
11603
413147
417526
11646
420164
24800
11724
38473
11804
52523
129607
11805
135214
150195
11922
186481
12029
248304
249093
12064
325997
345493
12148
351978
12162
366489
381851
12656
400354
404983
12687
408873
12925
412730
423330
12934
432878
451675
13037
492761
13101
29469
31603
13127
38595
62762
13200
110636
13251
169214
188870
13532
211013
220074
13761
265051
13768
279335
306553
13787
325258
387098
14189
400890
14219
432222
458730
14436
489553
492605
14533
494758
14607
21642
40681
14644
52944
61940
14751
72453
14858
75212
87777
15265
89526
119837
15380
126811
15533
135906
166742
15680
201963
202642
15704
211921
15817
230217
259485
16239
292222
300469
16399
339189
16419
339348
355404
16503
405800
442244
16559
454366
16579
454955
477249
16750
487293
85994
16765
97024
16850
121824
131890
16898
187143
190097
17543
214657
17552
237167
274555
17654
293898
300992
17719
308764
17737
331363
352796
17766
371079
373551
17897
393303
17968
399221
406096
18007
434354
468565
18014
12278
18123
44829
67674
18358
90339
106837
18381
118238
18401
152188
159103
18502
241636
244128
18524
246003
18548
271377
292707
18603
313802
321629
18621
340344
18863
369961
400970
19096
404624
410911
19190
440402
19354
444556
460061
19417
472621
486137
19462
41582
20136
89795
102249
20180
108694
121742
20228
171304
20471
218659
257770
20781
264829
271876
20827
319920
20890
320148
322793
20931
332707
348127
21148
355942
21232
364511
442512
21259
477704
24253
21333
54248
21344
88985
88988
21590
96738
127901
21608
133730
21641
142563
152102
21698
162727
187595
21944
204559
22092
207584
237635
22112
245444
264579
22113
269597
22390
270629
297305
22540
311386
323064
22663
341338
22671
354836
360004
22696
361881
369054
22839
423346
22875
426484
430980
23049
431745
469126
23197
112461
23252
115127
169892
23663
178020
191031
23775
205740
23815
208838
232929
23835
250709
280097
24121
285074
24343
290574
317587
24504
324991
353445
24524
370974
24707
406221
421800
25001
429252
466553
25334
467690
25377
12429
33214
25417
38603
50078
25425
50193
25451
52401
71199
25689
83583
83768
25720
101281
25785
116284
138888
26092
209568
228261
26313
241860
26386
254385
266984
26436
272662
284086
26617
289194
26677
368062
375477
26754
381091
393969
26865
397988
26883
418709
426641
27037
469955
14172
27058
22043
27118
33444
40551
27212
68480
98511
27215
104443
27411
131804
199479
27542
202209
208975
27732
218414
27795
230101
246166
27802
268118
275449
28024
285375
28113
286174
311900
28164
373252
386666
28193
391605
28213
399086
439494
28386
468892
478498
28414
13378
28495
17852
55816
28550
56427
58254
28573
60169
28791
115969
126755
28879
181804
203604
28917
226909
28978
242400
254441
29244
264422
306052
29379
333708
29440
345058
371249
29636
384384
404008
29696
408251
29789
420587
453642
30282
457637
470325
30529
472514
30623
477175
479320
30655
480549
480908
30673
481841
30677
22236
34696
30683
34979
71082
30721
74295
30788
80420
106582
30815
109612
111662
30858
119672
30919
128901
132483
31092
144475
144525
31137
162473
31279
164099
164741
31360
172386
176695
31436
179735
31523
212867
238050
31731
248626
270351
31789
288473
31900
304201
332688
31903
336639
355960
31996
387602
32040
387879
441229
32094
448361
489171
32118
495554
32137
30828
53367
32241
62236
78318
32269
106514
32347
139677
166014
32355
173162
184977
32523
185873
32532
186995
201195
32627
221128
224436
32761
230584
32791
231200
231672
33038
235405
241955
33081
319554
33100
333962
334104
33122
358560
374222
33148
379096
33196
409155
411540
33377
442985
450243
33540
458997
33571
480279
486351
33597
15638
43813
33864
50722
34037
131916
158804
34176
164864
195485
34208
195869
34350
213407
217344
34513
218995
220711
34535
276575
34550
290233
290833
34625
300271
328850
34738
376373
35032
389728
404551
35113
413883
444073
35203
445945
35359
479594
18075
35402
19056
36087
35484
66277
35665
84127
109168
35669
111571
111995
35732
191718
35969
214240
216035
36092
217900
221082
36100
257773
36141
265987
267782
36158
271606
315926
36169
317402
36272
341513
353130
36389
363353
371681
36544
377627
36621
381420
392031
36691
413437
425372
36796
426830
37152
445845
445923
37192
450977
457227
37335
469591
37590
471610
16591
37667
35040
53137
37802
54939
37905
56500
58490
37936
63010
82190
37983
99155
38053
102962
142837
38090
157010
160763
