91
127
130
131
164
203
220
299
594
724
463
618
1006
306
1309
451
634
1208
252
954
1443
334
820
1447
264
1456
293
990
1830
905
1216
1745
1777
2008
1906
1970
2106
1804
2009
2357
459
1238
651
2362
2543
803
882
2418
1955
2811
2381
2876
2593
2886
1448
2907
2971
583
1035
1652
2091
1792
1537
2234
2465
1116
2827
802
1024
304
1059
376
1304
227
1592
1695
832
2636
2647
1064
1094
1730
2297
698
1387
2363
2546
1529
2494
2698
2796
872
2762
1572
497
2687
2372
1767
2707
877
2903
1832
2890
1631
2738
1887
2419
170
2440
169
2073
1907
2399
2424
2831
2562
38
681
1025
1333
2519
1530
2624
676
1765
706
2412
2486
1739
2492
2847
302
1075
1445
80
396
601
2936
778
1165
2955
1315
1954
2107
1270
1533
2745
0
2276
1310
495
2382
342
1282
862
2043
2755
183
2076
2853
1691
2821
2922
2427
428
2041
801
1778
2086
1015
514
901
145
1729
2533
2608
2312
397
555
2142
2788
57
322
539
16
15
1357
188
214
548
1161
1498
2966
1524
843
2585
2227
378
535
2594
1350
574
1578
2235
1667
22
2157
527
2501
9
456
762
1688
1062
1976
870
2662
2945
1766
1726
2717
1930
1030
1865
1940
730
2132
432
1268
367
2337
2880
1769
472
1235
2411
2330
44
1512
110
158
2910
2769
362
568
2117
454
890
2343
2705
87
1255
1224
263
1703
286
1433
893
1149
2894
2764
897
96
743
1882
1983
1732
41
1570
48
2114
1841
723
713
900
1937
1106
849
1685
1011
1167
1196
393
1828
2547
2193
1417
2260
2691
2236
2445
2715
163
1717
1990
1860
401
2940
776
1210
1119
622
1260
1307
1329
1583
1462
604
1374
2314
352
308
1797
2250
2060
461
1187
2851
1574
1984
1978
465
536
2136
201
642
1276
2592
2509
325
770
648
896
910
2700
1073
927
1334
303
1352
1055
2048
1609
2319
1427
1496
2127
2712
1812
2226
11
343
2768
947
2151
63
1234
1325
1593
2125
2181
609
2080
2217
2460
2708
2340
2701
2449
541
2456
37
2560
1130
2315
2204
475
1648
2214
799
1464
2750
505
429
2896
119
394
939
1799
559
790
630
1768
1410
895
894
211
1221
551
1495
2627
2833
1326
1581
2331
1826
1513
118
2773
1866
2597
1896
2462
1169
1175
2825
2846
2939
1105
2161
151
257
1265
320
336
1910
106
488
662
1246
1870
1413
2390
2681
2964
464
534
1551
727
957
2404
1049
2345
641
1746
1607
216
271
2011
2291
2889
2374
608
285
2808
806
1031
2794
1712
1573
1375
1944
2129
1756
2730
2799
2450
1036
2986
2153
452
2805
1705
1287
430
1123
1314
506
2566
1227
2451
1775
1706
2779
627
2787
2695
2980
2428
99
438
339
419
842
2931
1949
981
1107
579
1056
1393
2160
132
1846
2756
1831
512
1157
143
1660
1474
2813
2224
2311
2352
2723
813
611
60
62
972
699
1229
1668
847
2549
921
1711
946
2961
2094
794
826
1145
1000
975
1041
2463
229
769
1097
2616
2854
1178
1372
2973
2605
332
439
1472
1588
2619
2468
1611
2015
1023
1884
1666
1323
1141
2929
1915
1960
2351
2602
2461
425
1298
2555
155
1339
2947
190
1654
1424
1859
2040
2113
2710
2719
4
835
19
590
599
458
2031
208
242
2005
1398
447
2203
2223
1770
526
754
2339
2275
752
2299
1454
833
1200
2504
1434
276
1479
860
878
1539
2515
1789
173
585
2010
2917
1045
2924
663
1223
5
1461
798
1019
28
1985
255
68
2798
1952
720
2478
933
2166
2283
1058
1076
260
1368
940
1475
966
2075
1160
1390
1189
147
2210
1536
2526
1875
1081
1879
591
2459
157
615
2099
1142
239
2452
1993
2143
31
2495
2505
34
1557
2637
420
1643
2116
1788
391
503
1078
45
1548
1921
1971
2216
1347
1909
1988
2047
625
2332
2950
2578
2333
2067
2981
2242
1877
2369
2464
266
412
645
2737
1132
999
2302
137
1409
542
1863
92
462
1217
711
1540
1785
757
1388
701
1566
2085
2175
874
2974
787
998
90
2111
2437
2448
1044
2949
1419
1428
1950
2475
2055
1
935
2277
2759
812
1033
17
2392
1715
1197
2928
1301
204
1183
2749
2824
2874
1514
2741
1698
1563
2881
2600
313
1835
1699
2191
384
2508
2
1303
565
2653
1317
556
576
1198
2409
1363
1659
736
1371
2221
2453
821
2499
970
997
95
247
1138
135
2278
1385
284
128
1689
558
2807
1397
380
2901
2195
47
2296
902
593
499
1338
398
2347
1319
605
1584
2182
153
196
2655
2879
1722
1321
744
1759
2969
856
111
2124
1965
2520
245
1361
1236
1007
521
2247
951
638
1888
544
1318
1002
1143
1358
2387
205
1827
1590
1839
2318
1294
2128
2263
2867
2541
518
1469
1522
1653
2577
2678
2860
2590
2863
82
761
545
43
773
273
683
1254
1004
1577
1473
831
1693
2938
86
2336
379
1600
1550
197
2016
1249
2072
2254
2835
1192
880
973
1082
1163
2524
1897
2832
1335
2447
643
2852
470
1083
735
995
2213
1273
1850
1267
2323
1453
846
1811
1999
1040
2812
413
2207
1476
2689
554
2826
50
1211
424
553
2287
660
1665
1156
1506
2082
2589
1881
2115
2809
2309
2786
2830
2280
2868
2855
468
1360
2482
1324
65
508
2595
1601
543
405
760
650
1093
2873
1111
680
107
2930
191
2350
1135
2693
688
1886
1098
253
1500
450
2155
2640
1749
417
962
2249
1926
305
2123
120
1300
1544
2604
992
546
1821
2373
2052
2020
479
2383
2090
226
1911
1164
2185
1837
2927
2365
748
232
959
2525
301
2797
533
983
908
1348
2017
839
740
774
1099
1468
2059
1451
2915
805
2983
2341
1670
2034
1561
2231
2049
2395
2957
1646
978
262
1885
2484
994
1225
2884
1243
2537
298
1834
270
598
710
1916
714
742
1071
2747
1941
371
2188
383
2511
2194
1174
2603
974
765
2780
2944
909
2919
2304
1278
1467
1477
1555
1523
1594
1787
913
52
1774
1626
354
1682
2293
2435
2742
707
1549
2793
1092
2820
176
345
433
560
1020
2990
1934
377
341
2552
2163
2444
708
2587
575
1618
988
1188
1053
918
1727
980
1848
1399
815
1316
324
1617
1718
442
2979
84
