53
80
123
131
151
236
272
348
356
373
422
575
732
1096
1141
1268
1285
1413
1493
1571
1615
1701
1734
1814
1831
1845
1970
2135
2164
2182
2206
2300
2356
2397
2409
2514
2757
2775
2903
2930
2964
2935
4
2937
3002
3064
3021
3224
3025
25
3235
3293
3437
3458
3583
3644
3736
3805
3834
3877
4099
4176
4200
4296
4327
4408
4427
4439
4477
4537
4580
4581
4633
4669
4700
4785
4805
4905
5008
5213
5336
5386
5463
5523
5531
5818
5836
5891
5946
6009
6022
6026
6160
6258
6289
6335
6389
6425
6546
6609
6765
6873
6876
6957
6959
7079
7132
7364
7523
7534
7678
7781
7823
7830
7835
7956
8050
8075
8134
8140
8162
8193
8293
8417
8423
8437
8499
8553
8578
8769
8843
8875
8928
9181
9222
9314
9358
9536
9551
9680
9734
9772
9787
9809
9918
10001
10062
10069
10162
10193
10238
10373
10689
10788
10850
10863
10903
11089
11091
11127
11154
11184
11210
11458
11528
11554
34
11600
11637
11690
11802
12018
12054
12115
12128
12212
12249
12421
12687
12729
12758
12765
12785
12793
12837
12839
12890
12979
13004
13005
13201
13204
13209
13217
13321
13335
13424
13510
13633
13657
13704
13725
13743
13780
13827
13880
13920
13949
13957
13991
14008
14248
14320
14426
14539
14572
14653
14684
14689
14783
14798
14890
14974
15073
15131
15159
15178
15310
15356
15417
15620
15622
15641
15651
15707
15721
15951
15989
16068
16107
16247
16272
16433
16464
16468
16620
16626
16664
16725
16890
16945
17024
17097
17126
17204
17255
17351
17385
17460
17463
17483
17537
17579
17583
17588
17618
17662
17695
17883
17909
17958
18053
18228
18257
18372
18495
18690
18695
18734
18783
18924
18973
19078
19140
19259
19277
19301
19448
19450
19601
19618
19638
19735
19872
20103
20238
20298
20312
20324
20378
20433
20467
20515
20526
20543
20579
48023
21248
54270
86356
55997
83996
77141
37871
90937
98245
52142
82064
74624
67123
36931
52486
62198
97676
66466
90804
3175
96026
76420
44911
88172
32110
51841
26643
82627
96054
32878
39025
41483
39881
55484
40219
87637
75834
65357
40465
73092
12685
56965
71346
82961
21803
40622
44849
29379
26931
37043
58819
53263
65928
73898
46687
97126
48883
29142
39880
44163
50345
31873
55596
76973
50342
60918
66372
69286
42754
90421
35572
82764
26769
88737
49965
76289
31226
99930
33835
88525
57385
47856
10375
53622
55705
61520
23334
77622
31281
13433
54943
36034
92891
69296
30893
27919
16425
73997
91859
80242
60541
80883
86830
42828
24218
57740
85470
33631
68809
32004
52487
82040
70839
41419
87529
49809
89288
32059
89352
85819
35313
38802
77954
74757
18680
79105
62352
78210
47795
27132
97403
31566
31756
72706
34404
27657
66263
73002
70777
78731
72334
35006
35730
84593
46787
66409
50647
97504
96605
27396
23661
34187
42849
70624
51511
57979
56506
68961
66402
72427
88040
75660
83190
29969
93298
73502
27175
40754
54888
45126
66190
61647
87246
83360
99132
32745
39657
71037
38442
25386
63846
52229
57585
88991
84676
40738
52400
52616
30402
81752
37029
21609
21819
64507
94473
22791
30700
40212
21387
50267
34054
56287
30956
41999
90357
73434
95738
25506
87444
27924
78008
40989
44102
39694
66148
62986
66804
87026
71534
95153
92731
98606
55570
24237
72033
27561
94365
57122
59751
76026
74055
97082
42767
37465
51912
84286
58294
87974
91896
96052
95979
24069
29032
26977
46412
28053
48746
98947
46528
31993
85151
40171
42278
85880
50263
89163
60777
86450
97078
22288
56211
42124
53476
56742
54083
94657
50779
57909
25539
68730
46284
72523
85763
36096
86140
38025
21748
82356
59222
21167
79059
63047
21800
62164
25670
96908
25896
29140
51996
32532
76300
48371
50834
66742
60135
81992
34955
36563
76025
73717
85492
79922
21596
86272
30394
29765
59076
65248
29443
30356
30084
32316
49250
32678
74506
42455
76671
85966
39390
92041
96927
22345
28805
66559
41522
57637
45644
61818
61807
83275
46600
25502
50459
75204
52019
52786
52050
59783
60736
71097
66443
73679
98376
33382
23124
43699
43311
88497
56607
39834
61374
50833
86967
71422
34815
44927
55552
81093
97209
93766
25836
95445
98208
70962
26663
36468
30192
52143
48852
60535
96835
75760
50256
74233
56524
42288
56541
23914
55589
31338
64161
32586
50207
35393
94237
39673
37306
63279
34981
70534
53164
90904
97570
46387
38897
48157
42573
63180
79212
76563
26950
87049
89361
68952
98781
70449
99522
99630
86477
34136
37732
60858
68231
50235
69339
91321
72830
89518
26261
30882
64151
69741
83081
82654
83617
91917
87514
97724
70114
98598
72873
40668
90047
95737
94453
61831
32722
35088
75925
41297
20895
54672
55502
95278
72891
37284
77419
78632
41997
78888
33831
87412
22636
81875
24191
89152
44448
68793
64211
82096
82946
94707
73086
55737
75066
83180
83965
22549
96960
35012
32397
47893
30733
37356
36483
88148
39606
40493
38935
55886
91499
58056
69314
99958
21994
20903
39364
59008
64531
75289
66551
79751
85110
64964
86905
86330
99113
21042
70406
23869
88129
33215
35532
63000
69113
77731
92329
26297
82784
41635
85754
40457
48273
30620
81183
54559
95388
28297
83370
28920
89489
34073
39432
22115
46422
33375
72106
85169
43491
86037
57504
43268
51158
97716
65322
38289
82455
89710
41046
26469
32498
28145
50863
34745
68201
47925
72432
73814
51569
78414
82831
82094
90334
87038
98060
47256
35052
58997
39857
85903
64622
89935
42358
92735
60334
77853
78995
23890
43448
32730
83913
34524
35668
62074
38918
62304
43780
53671
30299
84609
94669
58482
58617
44941
68913
21660
83406
97643
45634
26558
73859
39414
58225
73917
69079
74563
72174
72745
77130
99830
39272
42707
90704
45380
94566
39635
24047
24569
78966
41176
25460
58972
79656
42901
83969
47002
23946
50556
48563
62418
57099
75052
75569
88368
77000
34978
79124
91356
76086
39619
80756
51295
53008
26243
63851
74955
66155
77615
74118
86874
79314
93855
96796
84926
99244
99318
29076
37720
50097
68518
52549
76539
85907
66200
25823
48551
57069
27094
97869
30487
20581
52191
88295
38145
93132
67809
93863
52928
35790
65841
78303
99091
99715
90157
24480
26609
65121
65538
70716
81102
77799
82990
88588
38157
20926
55676
25075
33318
72501
60757
74540
66430
88092
84907
30345
52080
45006
56662
93990
63369
99786
69567
72269
53186
82717
67260
84244
85746
83833
34716
91266
69654
75933
93291
84788
96928
22556
25008
43114
25408
50687
54047
74304
38127
76741
96637
85318
21952
50986
47634
47516
20765
21105
28372
38321
76196
82556
25558
76867
26060
89906
29052
33774
68366
48069
85464
60798
94747
52521
47899
65798
80008
85559
23971
21425
87152
27492
50412
81303
55513
29213
93552
98264
45543
98817
51516
99872
32443
66826
49113
98733
56414
44632
34305
55206
36037
57971
81007
36016
84483
91329
45498
60171
28175
67453
96074
87624
89584
23281
90044
73689
22817
46395
60625
50268
30966
57263
59320
51842
81181
84196
97146
21843
36101
38677
40904
51770
71093
78428
23415
32306
37849
39984
42285
59214
80062
83310
95784
21318
26248
38659
40569
92293
34445
46832
52721
71579
78762
82739
87769
34979
58276
80770
95295
23203
25377
74045
31060
57757
79393
21303
45986
46738
50913
57267
69644
80900
92332
23247
39544
41482
69534
74815
79955
81845
90523
20706
34726
60860
61139
67934
71662
20660
48482
63795
68477
74375
37783
82082
21397
45786
58768
66541
74831
96786
21855
48435
85440
89430
29469
31592
11563
31625
63692
49233
57171
68383
75454
90515
96281
32007
39727
47421
50107
54045
57221
49686
60609
32337
49789
54762
55560
84608
88354
99942
33847
55784
87469
15602
91884
29212
34307
75965
76049
78335
7589
78771
79811
88297
21346
35976
36070
42057
53811
59071
75673
75688
80259
96351
96367
52161
56924
57968
71159
81145
82975
91774
47149
55485
60690
82440
96011
99189
22342
43557
43898
80576
86360
50215
99327
36341
52066
58953
76713
32144
79117
23511
33436
56367
62575
63890
89495
29799
13762
39312
45599
59664
81915
86736
93282
95364
95621
98211
99875
47151
53856
55912
55028
57790
61090
66738
97174
33545
34126
67886
72963
22719
46105
54552
59117
61567
69643
78625
74236
69021
75669
79217
80416
85248
87187
87649
91796
26682
56376
26874
41949
51018
60769
72844
72813
80188
97141
23001
45768
93903
20747
21810
22338
57138
61596
62351
64689
75474
74439
95122
24163
29900
51910
60111
64762
81562
81602
86572
48904
25641
34899
48732
64641
72541
98099
24954
35380
38020
44456
54946
68307
80591
81800
99208
31834
47524
49660
75507
60063
60234
70917
78669
82563
92594
25469
67142
80430
91510
92815
56303
69140
89093
94295
22120
29610
39446
43701
62563
75506
76318
32361
76865
79396
99788
27403
32476
64564
29749
64207
42647
42903
65295
25632
30096
34502
58783
91091
5980
93446
27385
40248
61861
65718
67085
73749
87589
99011
92886
42874
63422
65883
66794
84075
27376
44870
53955
65621
70005
71941
81755
94006
27699
28965
35130
69146
99452
24157
25565
36916
36942
53773
67272
70317
85141
21066
32718
72022
74806
89375
31063
40957
53431
58344
81129
41462
81209
87190
91107
94021
94834
96467
98464
98575
46114
57754
94230
95168
46003
48408
51775
31448
36441
44027
58096
60881
61225
80634
85463
87371
33918
89517
89908
93604
94200
54367
55185
67989
84582
96358
28342
30538
33724
21657
37524
61878
63558
67752
72484
86315
90552
27454
55868
65595
87183
90681
94167
97008
51802
53090
89580
59819
62127
66434
79016
90278
20928
30045
30881
32207
45499
46545
56892
79944
32313
52336
70190
82845
20954
38319
44313
68703
98951
72431
89035
31261
31982
39337
40724
80491
84398
98092
88581
96596
31480
31927
34553
54618
69944
76329
77286
82031
86860
88523
88649
91641
94244
33423
39129
45038
52559
54099
62992
64907
68589
30167
71487
95181
32046
56635
83747
95657
91983
27386
38072
46474
46536
58533
85452
58678
87012
87207
21443
23379
26204
40298
40301
56153
56679
72299
54664
73418
86334
96548
31767
37821
56751
70106
84530
86105
88850
94988
26459
31031
57005
63449
34624
38261
51509
77189
91976
22932
42445
58692
63811
79145
83606
93126
95589
97372
29676
37045
45979
48753
56184
62501
70144
74791
78678
99770
30014
30691
32455
60125
80760
81211
82955
87881
96114
25088
32935
54945
78359
82162
90600
96420
28518
31501
62273
37593
45515
45741
52070
53301
54651
56275
59575
62554
23448
50030
74522
88922
99658
63913
41093
47509
48249
50599
52340
62590
87909
88402
36516
78531
31148
56105
89524
91037
33897
35420
48634
57432
49210
51995
57082
76107
39278
45475
60946
63958
67691
86181
88296
37471
46550
51477
51886
56433
62836
66067
70321
80871
81247
94168
40647
72091
5672
7453
48341
85767
21089
9840
44613
21699
46890
28692
47404
20351
13900
66186
86070
53054
38357
91497
26639
15981
78748
2270
84449
74088
14789
20656
5594
91462
46595
53064
88532
1549
15095
69586
16772
15827
41836
43181
35972
45958
46728
56365
99396
84420
63838
85950
2868
794
15875
74392
68779
23662
62606
71900
85742
87657
7030
76175
4821
75535
80263
90909
91784
96659
65713
65392
98937
12617
6708
39317
69098
15814
15488
46041
60383
96738
51054
60436
95074
61095
49000
71186
71443
87951
54015
59965
69306
91826
63373
23471
70885
22444
22424
76229
75417
79294
95907
46215
8966
14927
55837
99613
22143
32058
33174
53067
20563
38872
34737
86058
5865
7891
22925
64103
59083
94469
4965
59668
9024
57887
81625
66637
28515
31874
37791
40641
71140
96601
43855
28102
56076
16300
52244
95700
59623
79172
15672
32356
23051
77106
38841
44195
45491
61886
52651
24255
69323
74199
68955
81919
92785
6637
11376
48839
10978
12478
72199
94837
15614
58068
81723
59349
7804
70856
88752
1143
1069
1934
3993
35325
67180
28906
36033
50565
94978
7403
60785
75841
80058
33503
12862
51006
24685
3478
66929
13177
75658
27518
33048
80267
81320
58140
59578
18130
76040
1443
32054
82940
35452
46046
25066
61530
12639
31177
27536
41700
28130
92780
39810
46514
65237
64227
54658
58241
59881
37407
44393
60457
23768
58539
95684
52546
11409
77470
32268
45537
67108
19457
71559
98749
3509
60684
19491
33309
94671
34632
35037
37188
68314
27815
50574
37830
88396
22075
24514
33786
57533
78136
93257
12279
88545
66607
91385
93008
38679
63383
64719
97294
44026
82145
80179
39015
60973
51412
38881
42136
81685
49126
91767
3207
77524
79729
6399
14573
4285
51617
25382
38786
18700
52535
5991
35560
34346
68969
55110
96591
15882
46699
57945
66955
85921
8203
37258
47340
54961
66252
66908
81613
73706
86
824
11248
91765
778
25276
19443
39839
73765
56103
62289
66024
4705
25347
27280
86198
51239
54533
83817
94428
42967
75709
84019
27490
90891
91709
15939
42336
46159
86059
64281
77079
77979
60511
4627
11921
53544
63923
81025
94829
49115
52773
32677
72783
30687
80389
43597
32720
6950
76045
82058
15101
15898
4275
20739
23709
52181
16698
44129
75336
77351
91895
93345
52307
73406
40456
26398
28009
54633
48007
53819
8567
56340
65399
11536
12162
73819
49786
54095
58112
62490
32544
69753
65400
74735
35887
1925
22795
6561
9440
92088
89469
46521
50547
93892
94383
5561
33927
21822
56691
3581
10329
26808
53890
34912
53038
36060
98897
9619
82481
17921
42750
9873
43823
60042
61176
77613
77301
83140
42144
95912
34312
27770
91662
72418
22236
88824
12832
11047
20909
17820
46127
28687
59720
57131
59339
28441
72441
74737
79925
76803
55104
91243
72222
8331
60516
50813
50921
78391
80779
31052
51627
69686
65554
16058
92281
92990
29070
51937
89154
29573
91841
36229
15661
28292
27069
38693
56370
21757
72545
49975
42371
45696
48061
78450
2976
14459
76340
55609
42343
43020
62973
1791
68285
71334
85421
92890
81729
84732
94344
27291
53972
94036
64096
3662
4156
24867
108
34021
53951
79634
2677
57895
63252
25935
49129
27825
77030
29699
21729
37829
58263
66964
60220
61269
95942
21722
99601
45
621
86279
1398
23933
38594
13140
53508
60092
44501
14181
39014
47990
37663
47360
56119
39295
74665
89492
85059
40133
50845
2221
58854
45535
58077
91471
26669
59652
63249
61755
81673
92507
98862
31926
26099
33778
49146
39233
98839
40411
37024
7822
48359
6323
58670
61281
62963
19761
81414
52762
65886
67743
84717
10115
68810
77142
29719
84416
4518
15405
45419
15158
16462
31688
32441
37739
49452
11808
34541
16541
71392
30080
30527
33716
58081
71029
34523
98763
5522
11693
29546
27646
55029
62592
86790
55211
93957
19449
30336
39016
49331
98228
60245
5602
962
38761
75070
94368
16771
43553
80178
55385
84740
17297
60763
30133
55178
23117
31801
67086
67952
81367
84131
84174
39764
73247
11783
22723
87177
26363
36190
50019
72381
80133
97891
57326
13800
94549
99766
20921
14114
35927
20209
43570
63475
63399
51368
58094
62950
77623
89956
35525
78931
7141
68764
30704
82248
19459
69910
7839
15950
24229
42184
22210
37245
28275
53153
57915
39067
85681
96936
12191
6825
94901
41420
42685
52903
76397
20313
79787
65220
87007
18031
10533
59445
25209
82154
89733
98773
22955
38921
16404
20943
25409
37536
20505
33012
42958
33688
48158
94600
52230
77576
36072
20402
90019
71653
18434
7971
40004
93354
4459
66142
67758
52278
58006
82149
77636
95105
97956
49067
3343
11030
19699
62170
60127
80821
82262
25597
98003
89304
65555
703
2217
29865
24839
25111
35549
36945
43145
39187
42230
6688
31531
52459
70275
26126
48984
80635
71397
85001
88073
89354
99456
52867
26157
6875
27807
35774
44787
71239
42747
21396
47449
94573
29745
6214
45115
46810
48126
10535
33701
28105
53099
56706
56225
60154
8507
64055
19528
58885
64423
60815
36473
67066
84724
6468
61168
69801
25731
45658
92339
85488
87158
93060
91605
10949
25262
59428
4632
12028
14654
27216
23151
20051
2809
39071
42897
8412
40881
69521
57467
37122
65145
72469
59381
71032
79931
10065
73423
47660
7725
83099
74039
77548
82308
81090
40114
97334
99216
29761
3433
7182
52659
69001
90094
19725
95473
27025
28778
97421
35396
3964
61129
39118
79530
15852
76362
30338
43222
18810
12895
7630
54184
55967
66228
58965
79943
60339
62128
86400
29135
31763
62186
54645
67680
84241
10428
87802
93503
923
36590
54970
19073
7145
26252
82732
87193
33592
34761
38144
94595
49358
42722
60969
90361
91366
78269
21841
11646
45359
84518
23903
71041
71309
92969
92971
91394
26146
34967
25923
97954
5943
45201
66793
2279
13017
16575
91532
23559
50578
88458
22554
18557
48254
33402
38515
55903
84316
36593
46263
56422
58155
60302
68662
71316
71841
54021
1690
80460
88963
86932
96980
17259
50945
92440
65593
96008
68605
34860
90008
83341
88138
97442
11072
20248
3282
34896
42783
12471
25699
28532
7923
33458
76293
21131
85773
20790
71702
93312
51320
75486
83926
92300
765
12428
90691
70060
15796
64331
21696
30685
68902
32978
66980
84327
9281
34430
67376
88325
45273
17146
41663
50539
52067
89493
96143
52626
62540
75656
77422
57814
78063
5866
32566
4568
72578
31269
38385
46978
53031
54303
5656
78615
18201
25498
34167
36123
55258
91077
2442
55578
6641
82462
54499
16292
99580
7909
29344
18158
23495
97816
60291
27931
81109
87137
30803
33903
36903
87971
94408
27941
69476
26869
58770
77157
90006
1669
14711
26926
53542
18682
3845
22215
52363
65848
22420
35186
40873
50997
63920
79476
96906
96920
80481
43066
16665
26763
55974
79867
86637
14799
85215
77064
41571
74274
91453
27441
37475
50350
50493
72170
57370
25336
53185
70309
59280
89592
6169
72227
36996
10626
52126
84830
91277
1059
64888
92131
3696
8348
46513
4180
17273
22372
22968
86093
8250
20140
31836
84466
1176
29482
32609
39859
85550
35242
36056
40947
85377
43971
50925
51182
52760
54424
97269
24761
66503
60087
77928
88171
98671
1781
99321
29401
30493
4699
11028
25380
7363
50023
13697
55371
46339
80721
11225
18704
19344
9435
63566
87828
25797
3794
30839
13138
34227
39439
506
38624
53651
26750
34641
40460
51648
69406
85744
41527
15155
46562
53400
54836
58201
60118
47546
66482
96270
82393
84512
93650
54717
16243
48265
90617
54515
7885
71074
76532
75659
698
91919
8034
76654
79033
29306
43654
10527
60775
52472
87464
88367
90687
73220
67283
10666
96634
87748
93397
14877
18368
98303
25080
12655
2851
13830
90118
22317
17594
49705
25334
52239
516
9413
52618
3467
20879
35201
45462
82264
26086
65739
51563
65719
11156
31770
48344
90220
48818
14392
97930
28864
46030
93531
18028
33389
43016
57447
79307
47797
67176
98712
68975
74201
95893
65117
10271
18155
79269
49564
18747
41163
84688
89041
92486
38545
44238
13384
45896
97277
68685
50108
54304
73144
9362
13417
19584
93945
94163
98529
98545
99264
90149
66611
34733
92730
56633
1345
4868
74319
86265
1795
27371
7062
33100
50431
92221
83244
36592
51547
72696
80934
92363
35095
53866
92403
97530
2626
23939
11496
45312
62698
27703
40123
42566
81056
36952
24044
69251
81763
39786
66561
67539
5899
8779
53553
41498
63001
66245
13888
71478
23145
88592
27248
55702
43704
49325
80955
1647
49400
10028
72720
79348
93622
27822
49766
67028
79193
6869
92097
91033
53851
87986
93210
77563
26638
62806
13294
13117
54471
65056
93032
75749
17049
18002
22136
30602
43452
45995
46423
51040
55145
54338
23331
61925
64682
75299
87110
90951
68887
75636
95765
38351
56565
76537
95902
4243
20090
73294
95369
7707
16569
5756
34017
9441
9533
25513
58812
42686
59341
69836
13856
61692
62276
67464
34463
44266
57856
14143
57092
99426
94047
63386
44499
39841
53379
63048
53837
79871
70295
81017
92553
39525
4267
89724
51031
10636
23468
50212
26109
27286
31828
38069
47800
49877
51860
65454
11182
76271
71586
90623
92269
60085
54784
64368
39167
88331
98082
64733
51186
66676
75596
98955
91868
56273
13396
70161
77629
24330
78815
44746
81686
14064
90269
60818
67905
288
6346
11037
21630
90407
5128
9270
11460
17173
86758
63831
81472
85816
82504
27103
37670
26147
48372
88068
14934
34637
69544
49853
37638
44399
77500
67858
8927
48828
16953
46581
14466
55942
69989
3535
5264
38198
19179
74315
78716
82220
50325
82404
92287
97627
688
12284
28735
8340
23246
87820
17381
79134
56345
69252
34989
11746
27442
52717
577
40292
49737
57723
72740
87761
36405
86652
2888
51568
35839
53881
39096
21607
60331
60950
65087
79493
91929
4886
68103
17101
52074
98247
80177
87688
9161
88590
3303
29077
4150
8439
29238
12055
37460
84257
47369
97309
88023
22846
77787
11753
32203
50733
43436
39868
73899
63330
48025
90242
82285
47061
92924
55496
15931
10149
72276
75032
75298
84068
84438
14073
64188
86589
93981
2625
37152
14388
37702
43758
52584
6245
64930
12549
46849
64223
44289
65188
69213
49362
5892
13974
86826
15666
39949
71075
81327
86543
97872
29826
23242
61068
29776
31967
63169
77107
43800
51633
87949
88666
91386
83849
50818
4291
48390
84216
87926
90703
91342
11150
87740
55376
16581
65345
69148
28071
8820
13317
33254
51999
75534
80125
64745
80347
94051
12216
27712
70409
87055
89098
27782
32807
86428
87588
86626
92405
98755
66800
99647
51930
91597
5670
47344
77136
4304
15968
1754
55374
26374
71253
73312
90809
96791
2497
16090
18610
12357
39974
46236
78099
16382
46373
48266
18837
23013
26782
53975
27305
61151
66046
30207
30584
59834
62071
48463
69195
89719
99019
15126
18337
21040
36260
80515
44267
87933
52855
56857
66426
67613
58218
47971
53501
60207
70696
70889
75134
83744
13091
92766
20552
54782
75177
82320
88708
99751
69752
8614
15851
45683
92184
15355
92693
42690
7413
89086
25915
31964
77774
11759
71441
77851
21547
2839
39351
45400
31618
46647
42502
85881
68734
77972
89126
83295
57850
66064
50439
51436
82415
92633
17387
37399
41237
97916
54532
24401
67820
80154
26541
59484
65778
66538
12103
15542
60057
64508
33275
77114
1339
48988
58882
23249
66814
85134
93402
99961
82725
89327
29646
54423
184
1514
18931
5874
51353
51663
79767
20838
38784
53743
42069
44710
48934
50209
63024
68013
65807
28379
81452
32031
74744
98504
1750
10497
83211
35849
36467
24238
1016
29174
98758
40399
72040
92979
4386
41080
47351
6322
42328
84229
86458
95025
7660
8524
11996
61354
9106
90771
97123
2599
84264
40308
41573
12321
54998
13198
88493
1585
18584
60847
64093
93366
88121
19092
19656
25151
73821
17006
26302
48428
81636
22487
89312
2933
35930
39952
42917
57702
57101
4127
14526
15663
19283
34859
34863
36757
37170
82434
96354
38197
19913
72682
11744
16223
58557
63625
63765
63999
71259
78285
84265
97537
43486
19254
83659
26901
98426
11186
61110
62206
20100
812
44306
69358
26871
25880
36450
37323
47764
33144
69105
36626
82756
53980
99472
41502
48015
5747
15385
15836
70919
55265
74910
772
20966
34526
57703
59923
16346
71133
91203
31629
37737
72668
73804
46563
55039
8698
95767
96362
29227
57236
56919
8964
5536
19811
39926
3210
6799
8526
28467
284
36413
46771
41327
51270
61700
56898
83475
92185
86983
97500
19532
49546
60419
64097
39822
53309
59556
97059
75071
86307
73384
73952
97451
78185
82662
11062
46886
27358
37139
47545
86220
616
3001
88648
20036
45183
50335
30738
62768
35410
36744
75112
87932
97467
3793
49684
10543
4107
17332
25198
35465
35775
95148
99798
17169
26833
40304
52040
60122
26317
70924
9479
98275
44873
44802
95528
85481
73276
91246
96067
40120
84432
85367
87069
96680
5922
89065
97108
28818
43705
7218
39891
42591
43112
61980
10418
14078
89593
5509
28604
54897
70805
9227
15215
24379
16014
24091
31121
64774
52558
4927
52252
34066
42734
35545
36171
37113
52007
81589
15687
26748
52702
19839
59051
66288
82473
54011
52503
72470
57868
87734
39011
67403
98936
8950
58187
96076
18877
92266
77947
78608
80136
92498
94382
3179
3981
99268
3020
23595
11035
14046
27109
35295
94058
40302
67373
99161
85506
3618
20292
31093
55060
31161
55250
56387
69766
78393
73168
39734
73646
79160
84798
82388
98289
38729
821
92687
11869
16339
19397
25084
3084
26910
36497
43639
47090
50456
54602
67929
71396
77477
544
78105
47715
90026
90404
82850
94569
99742
3262
4475
6761
6830
7336
6119
9340
10962
21276
23772
17834
26203
28741
25621
29195
32825
41033
41824
51154
51550
51902
23024
85982
67547
93905
77661
44837
79330
22373
26217
91155
26418
30875
35802
13299
50321
53343
53610
55694
55703
89009
75678
4819
24646
57402
98146
9073
16909
26420
36865
34438
11544
31489
48605
49295
52106
26041
83630
43661
50203
74514
95439
98147
6481
9819
26551
27296
31549
5073
46757
53251
61038
72544
77764
78043
83960
84639
85708
88757
99036
4402
8374
9993
19680
20244
24389
27968
28640
30117
32006
35728
36084
62367
47849
54094
58131
71791
77458
79187
89231
96228
26729
26967
38645
43777
63478
73103
84587
86199
95668
96498
97592
13937
24253
30481
37340
43643
48118
62441
68247
70199
73489
76361
77396
80376
85959
96265
97153
6482
11927
16195
19007
27521
39867
35823
41022
53291
47835
2249
36368
60647
65559
81352
99626
1801
10281
14808
18381
20507
13470
58284
29499
35945
50389
55327
55458
70512
71070
76306
79071
94857
1027
4604
22610
36832
81853
65741
37352
41642
46535
3330
13713
68980
49105
90538
91389
94460
7483
10334
85420
58758
15031
17028
19212
19930
47210
20079
32710
41269
44524
48320
61671
65509
66651
69205
75046
80445
5961
9088
26927
31200
16765
57445
82551
36888
49048
49070
78313
82475
84045
21349
96045
97556
84426
15288
17515
21964
22742
51835
60549
59396
76284
78580
39239
70348
81339
92468
94525
3883
9871
12344
25826
12588
18740
20231
24368
25858
21292
28192
28774
40749
24639
58154
63211
74017
76984
1583
3929
13807
16886
27316
21178
27902
28516
34014
49935
51507
63232
66655
67822
68607
73289
30272
75205
75657
81016
87179
94690
7019
12157
3014
13988
96046
24436
20831
21659
29205
25364
94434
47014
40201
51371
68375
70991
71942
72256
76789
56059
88499
89498
93301
97776
98819
29682
34137
29864
36796
87233
39041
47794
53845
55666
62469
64409
69185
70911
78691
33585
84296
86416
97712
16550
22408
28540
31496
33516
50558
62402
62580
63162
64781
69805
74695
91906
93977
79161
98287
1769
2134
36581
75710
40682
27853
39667
51117
68241
69045
75266
82298
83917
85671
87384
54468
99611
96375
10420
2873
12446
14382
30506
35195
35204
44446
46266
47811
49095
82522
65084
54359
67842
68963
72611
83815
83777
95462
87590
12723
5421
7139
9511
20690
21828
27287
28108
33604
37507
40425
81296
41640
41804
55313
57522
70680
70748
74708
80072
81083
82432
86526
99293
3361
74698
9216
18764
33496
8164
9277
45527
54284
25726
38699
65319
66369
67458
69253
75665
83080
12573
1003
87402
9098
87839
1483
9210
23628
26850
51382
33553
39181
40119
47341
48710
54724
58740
61230
61967
72209
79803
82235
89177
42280
88564
119
95449
98734
10573
15538
17988
81708
23008
18648
24081
37795
37997
38764
41043
47904
48386
2291
51542
60691
68278
96353
56471
95553
85818
7391
9606
20582
23741
36039
36281
39743
64156
69122
37566
69999
74736
75647
82547
90719
91813
92574
92898
2748
3661
7107
8119
57057
23726
17272
31139
32142
32822
38900
51795
59724
55810
62586
67361
72917
91470
95331
76177
12238
10758
12691
22714
25212
32135
42138
44383
54641
55836
59947
93308
94800
4442
6736
13963
11631
18205
27936
37758
42665
52002
47359
49096
58488
68707
71482
72139
72935
74110
81027
71204
84312
90270
92371
99475
435
1328
22452
22437
22828
37342
55417
59854
73845
79979
79101
82572
86772
87003
92239
93938
98027
10216
14214
14397
18816
21355
21448
22241
25193
28922
29143
34103
45892
30428
41911
44226
65253
51966
54252
55407
62472
64695
66158
71067
72826
76856
89601
71871
91713
95309
95606
98732
26496
85216
1106
16757
23744
37398
40178
40672
43230
45542
8671
51954
71177
54049
60831
74427
74847
84591
85647
99893
5905
12443
21415
27875
35289
48656
50293
55732
74446
74820
84835
91376
232
351
2424
6427
19485
21946
23983
36036
77886
37986
42494
51931
54288
55715
57230
59226
62892
71398
76005
85820
58260
90843
95347
5650
14061
35265
16685
40267
46714
50046
52118
65973
82587
85384
98127
5520
6068
6826
13170
26032
36773
46557
53202
63599
21308
73716
74916
88665
22576
82950
73933
1604
86395
12233
90597
9368
64347
12244
18819
22394
39770
39946
42780
43814
44984
76608
65036
32041
48261
48990
58728
84598
60717
89414
92864
71419
99265
60173
86476
95625
99022
16819
22829
24374
27255
27910
73588
38811
48206
50056
55096
56505
79655
72601
52854
80531
86875
87129
10837
15206
18744
28031
38726
39699
42327
47678
48235
55238
56599
74685
57783
59528
61619
66741
71615
73356
80957
74770
76394
78901
81076
81150
84646
87884
93709
95778
95924
12625
7931
40105
12962
37561
44031
45973
50880
54576
59677
13647
61625
65252
73314
72675
71480
79420
88747
88933
91575
94586
6897
9580
10246
16523
22720
36487
32990
21915
55626
58041
58644
74101
43141
77074
3540
24705
37760
24039
52315
16167
60311
81153
54223
73123
97097
79111
98098
9538
16818
20621
21791
23061
31062
36978
11779
38696
38831
72126
46898
58647
62871
52731
73075
83626
76839
90256
77932
90321
79462
81331
94909
313
10982
23995
37248
47487
65274
76257
28869
62835
81019
84513
85029
96867
98383
16839
19593
39429
56551
65273
69137
70710
78909
67239
86904
92655
94970
2211
4777
4837
7829
8814
9625
13491
17606
29168
18431
19519
23126
35188
47642
66670
67864
70708
74803
78565
86595
89074
91513
98607
5631
13320
27664
38513
39748
43796
90455
51462
57975
64647
46519
66310
74359
75061
24003
77739
77299
80367
81078
7164
13653
39293
31690
15462
20091
23311
25338
28417
33527
40209
40516
45978
56840
35928
58879
75916
76915
88386
98443
99854
32
1565
8639
10215
23085
27006
33626
91969
41143
66224
84237
98460
52300
10467
9757
14538
21608
31044
38464
49970
54194
37916
61816
50653
95936
11242
75917
14175
15476
60411
18137
67288
70565
70784
80042
94374
95120
86890
10542
38906
45777
14958
57555
80052
65160
22081
27274
31807
39074
49838
51319
53993
16183
58804
62427
81067
81115
86642
89263
94830
5576
7980
24213
27776
39705
40417
45217
55074
76807
73573
78645
78724
81369
91179
98179
98750
80738
12408
1901
95545
7914
10944
21073
22564
28251
34755
37509
43143
43868
47591
52277
70762
71328
74316
34478
75019
78374
79849
85426
3714
78907
81120
10831
14847
17826
22009
14040
50961
83997
61045
91175
97800
62306
62443
78143
87817
5394
17286
87699
48961
49219
55781
31474
59598
60584
62413
67439
73134
36372
16808
39411
18691
84385
8299
86128
11958
18216
20696
24322
34749
38128
38436
80813
40890
41307
66508
63423
70133
72895
84877
4447
41887
96628
4726
10063
11643
14682
26371
34609
33146
49787
46111
54418
61333
51904
56217
68999
58001
73577
78137
87773
96917
10740
14063
31957
33378
52787
51545
36928
62318
63755
67982
72612
75974
83304
85534
89053
89896
92062
98923
17058
36216
64804
36492
49581
36449
63985
69966
82542
68504
86411
72175
86771
67444
87467
52636
87302
91205
129
4160
9697
18291
21015
39043
45577
50979
54921
55524
58859
59818
63619
16535
65880
67699
64821
56215
76862
78964
85896
49946
4279
85775
81882
86177
86278
92792
96514
5152
13866
90692
23566
29601
30594
37486
41077
43581
44440
47027
49478
54519
56162
22861
97520
58045
59149
64829
71423
72965
73628
76373
80513
77021
80752
82293
82363
85970
88521
92733
9282
9702
24061
29476
32888
38507
37554
42186
52587
72054
73047
77709
79328
85641
642
959
74159
4364
9585
24825
33281
42534
43473
48785
56654
58460
66873
72160
32939
75835
77047
81732
85382
94256
5052
12637
13613
21420
34700
46831
47290
47669
29514
49391
74065
61004
73797
87117
88798
89907
98083
14068
15214
18010
23820
24963
42225
49347
34852
56222
62931
64204
74161
96016
76127
4467
80474
6667
4445
11362
11419
15380
16726
17184
35167
50287
99736
60342
68526
42794
46910
51292
57938
68906
71445
25337
75845
81393
89988
20587
83284
86749
92091
17005
23384
24114
26378
32029
37320
40471
48795
34538
8485
51390
56878
68081
69625
76817
88957
89814
321
4343
7675
9616
26778
41891
43255
64224
64266
66346
71092
72048
76197
77634
77871
85181
35489
4567
34966
89350
95894
95989
7268
98921
7481
10888
15090
16652
71193
21702
24858
31376
37746
50810
57824
71983
80887
89985
90781
81219
8522
93781
8877
12951
18109
22478
27312
37217
39008
47957
51005
51486
53734
55601
56343
58024
58307
59877
63298
69859
73512
76399
82951
50162
80835
84787
20404
84993
99703
94826
98523
98959
9878
19538
23707
25585
44841
85561
51560
46087
54135
67558
70549
77201
84961
88436
98009
2324
11131
21975
55139
31674
40397
41729
44106
47417
53714
54179
55791
9289
80655
96664
7298
7080
73059
35200
67834
38913
62083
75971
81690
48469
61084
97158
82928
8537
9137
42972
10802
19137
22703
23300
24947
30867
39679
50012
54460
58224
62459
59426
66977
81641
86678
98341
9975
11837
15253
18853
25953
44072
52292
55210
58257
60662
83565
91265
73387
61722
61792
63545
64963
68194
72438
75546
42904
76337
78286
78497
79753
79758
82035
82155
29949
8766
5302
89666
98449
6929
10465
13684
19148
22232
24853
30522
32032
37694
47981
56335
58705
71381
73471
76326
77276
79289
89870
90800
55049
91880
95514
1138
2999
5591
27264
27688
28751
31972
37762
55654
58445
59102
54656
60184
65512
81734
92029
5101
18236
11481
25186
11615
31818
26773
30697
31808
42220
65930
78316
92523
86738
97834
99972
2338
2515
4411
16310
18720
27899
28749
35984
38682
66606
66669
72277
77134
78550
83415
91536
96442
6127
8179
18185
21269
34135
39130
67988
42068
42587
57052
64556
5867
65900
74204
75132
80694
82545
83409
93655
85958
89185
2700
3191
13498
22970
21200
27995
33127
2784
48337
49344
50835
51803
72620
14179
79475
87931
97226
99100
99207
412
2433
2774
9178
15704
19762
20473
36346
29208
29660
38658
43211
45846
60129
64900
65444
72358
75548
29296
77912
78992
76891
77606
79454
55650
33677
79569
81070
85986
727
1420
2762
11075
55196
91789
11765
19776
27728
33286
64221
68196
68804
73947
85976
87218
99431
4533
5800
17307
24034
24555
26545
87735
26709
33529
35990
37968
13284
41569
41837
57343
68839
32220
70228
69799
73145
74908
82836
90386
26879
7950
3171
18408
32052
35857
36151
37974
9072
43244
44416
49717
77054
91569
92428
94303
96299
3523
10136
13346
13439
16974
19749
36537
45550
47203
56223
56997
57075
63826
22130
71555
73823
75695
78437
83922
89240
17034
27446
28854
37197
41471
47460
67766
69608
73638
76804
23241
77760
75882
78973
80589
87492
93194
3388
4023
7917
40126
46874
42909
58652
99487
79455
84288
88507
5248
6585
9115
96018
9120
14658
24845
24872
25108
29915
13538
29928
30163
37436
43045
47594
47842
60890
62981
63370
73506
87188
87913
88083
74385
95967
4255
10929
21629
24965
31568
32583
9692
39927
33789
41058
55078
62915
64554
69263
73601
77701
77845
83019
84291
86336
92452
95230
7724
9131
11954
12350
14076
18525
19339
20547
22308
24695
50883
35892
48846
50821
51111
51500
25418
61233
46788
73227
53966
77985
70668
84441
85231
85651
345
7651
22409
24617
28975
32767
57338
34412
37408
37897
60396
62749
71335
86708
93093
159
2547
21882
26115
39036
79147
40489
83784
45906
45040
48317
53446
54238
61277
63020
68525
44728
70721
77247
79689
81935
95563
9376
98665
23644
38317
42763
47519
53037
61055
65976
80081
63751
78521
68138
85723
94079
12107
94788
98772
6817
10959
11923
1439
76743
13916
28763
20301
29811
34740
35303
37421
53191
70775
78251
88358
90398
92100
22705
28564
37605
38229
41398
43845
47993
48856
52606
63768
67512
86511
79619
95431
13041
22250
26506
39072
39847
44656
54397
11771
49878
59482
63419
63604
68365
75651
78165
75866
80494
89565
92671
101
4096
5455
12074
14239
15888
22956
15907
26229
28969
38734
42304
54791
94311
55295
64015
77378
14324
86494
90260
91524
95788
2893
7775
8679
11931
15483
14919
26444
28638
30275
31483
39284
41432
45554
76541
56124
63151
48112
45804
39956
64217
64416
67759
58739
68717
72890
78367
79208
96163
4169
12299
5049
16217
22233
29371
40588
42893
51445
55212
63070
66173
69632
79620
98945
99394
99983
1148
7798
7997
20263
35358
38408
53297
57117
67450
69259
60659
77516
86667
91807
5105
5307
12620
17509
25888
26052
26101
32297
42715
50655
55996
69884
72770
76375
84761
90075
93506
1377
9858
18330
23394
27697
3102
33083
38628
43481
55976
82904
85570
87221
4253
4918
7309
8093
13343
2600
21723
35259
23496
36283
40515
42039
44430
55375
71770
74902
76512
77222
79546
81415
84128
92686
93505
95497
11235
15722
20572
21352
24621
11395
36176
38000
40023
46246
57869
71806
72322
75524
79915
80097
89942
43773
45814
97919
966
6057
13008
15256
32394
60148
69596
78703
86478
91839
29741
97194
14747
18416
19296
26001
28931
33211
43859
47580
73129
73290
47140
86705
89336
98441
99267
3280
24736
53749
49825
71771
23167
72356
79487
86129
31162
98405
88029
15335
56767
66649
74465
74776
77648
98392
86443
88229
360
7408
29786
5956
38997
47011
8569
11725
83998
14274
94084
19327
28311
7201
95282
41104
57701
57910
58674
64788
73918
73405
80060
60120
42620
83139
68748
48832
90510
4953
83538
3542
11354
21052
39095
69029
24164
38757
38315
40831
50171
40344
94377
95651
19522
82487
46097
79770
68939
58280
96199
99163
40374
93119
97554
60824
79176
339
36418
65936
78456
60803
47633
92911
98229
3024
98524
91556
17208
18261
99035
76729
52978
99706
42396
68664
75151
65702
23328
95212
28394
47399
85612
26634
10104
16702
8492
16723
12137
34457
57656
69704
86098
90139
55469
14583
45397
58050
86776
51704
20193
49084
37334
14778
62769
26083
84569
73840
72216
79214
79668
13689
9444
9777
37211
55712
23755
21307
41016
12583
53140
63234
22380
5376
70053
30490
2371
9102
5432
72210
67978
14296
22724
38534
20942
45308
53000
57681
56405
90264
6385
39093
39741
53669
37348
97674
64656
32008
71589
47791
86751
91450
96822
29488
78085
22221
85557
91728
94967
52992
29458
17036
34414
72671
77444
39316
67844
50355
58419
61506
61444
67756
50303
63950
66668
11230
72755
77749
83946
50434
69009
87965
36443
10579
49704
77582
45801
15004
45190
71086
50099
93400
36160
2332
73172
93739
12845
80526
48166
37489
53329
62822
89038
77775
37623
62098
93754
90338
25735
60564
43618
69340
9474
64993
76339
21192
71363
85100
75781
8902
49987
16038
92098
3960
29687
34055
23173
60303
58838
79804
39908
88807
62673
24980
17894
63163
95566
10829
68941
74414
11415
81810
85070
29978
32752
30513
17010
35763
17488
96618
44307
16902
34771
38335
35642
35559
40080
18937
51722
64918
57316
88142
67889
91104
95335
31755
77849
9785
1869
19114
98770
29384
37062
38713
90758
92209
99304
15281
96461
27027
59002
61779
36550
53336
62126
40537
51466
55105
74548
47532
41146
84997
88801
23485
98815
1887
16051
70618
4931
63444
6704
13345
51776
17143
29816
61328
35384
36575
57003
42528
55381
60402
82033
29241
43367
82825
15800
23294
42236
78825
89131
44021
46476
34960
83886
3779
26167
19514
66165
64756
83706
39769
48443
55779
59500
14159
61979
29428
33157
54516
66860
67704
68711
87164
70092
31443
82127
389
58164
49948
68951
73445
12518
18268
95780
47420
50952
85341
96409
98183
59747
44853
67925
11826
33362
21565
45826
1532
73162
78707
3277
18123
18807
75035
7235
61204
65376
94844
99944
53354
23413
9276
66489
28935
40728
51257
59534
83013
33571
90849
47505
11890
48075
64956
27660
24435
42616
20544
8809
13013
49560
92904
81582
58943
59330
6818
20743
29589
55152
34805
41125
86277
1556
24291
57635
37595
65141
92995
45090
75674
86310
48985
92949
608
10607
14787
94457
16864
24619
84085
27869
37052
94329
63486
56141
66998
71002
7407
15087
92568
16509
2159
24572
74167
87495
16241
22934
20377
77697
44240
54803
2697
38029
48456
59976
80962
93464
71076
27034
98278
93683
51181
47425
97390
97941
45075
47897
56417
86212
36143
62602
10288
13438
71288
92045
99254
75620
80549
91324
26005
8963
40552
21491
97796
85159
60648
64917
82133
77805
85764
92903
35918
19081
37999
62203
78618
35407
87135
92567
33092
41245
26219
55155
75788
67392
12152
54253
83476
93513
302
27061
43972
63469
61448
84992
73996
88376
95969
6405
82852
54152
6453
11952
68712
62941
53712
51845
38879
15823
98312
81563
12430
18828
23658
41637
56472
54025
55285
91719
55753
55718
55884
60666
68512
71332
12665
81714
37244
82027
27400
35653
37551
48021
65330
62812
76351
92026
23944
49118
80167
91872
3047
83272
86383
60211
97103
67956
46052
90827
87050
34922
84029
35499
61312
65894
1609
57738
50709
84089
33488
23463
72015
76218
79613
94387
77677
87113
26206
88642
39437
40275
88449
96123
71519
18673
13026
26509
91475
28115
92193
29991
15395
77243
81123
44949
81870
933
60598
17808
39042
95575
29473
45823
78133
21321
64455
18527
36062
41609
91856
39970
51708
53796
54566
77598
66745
15667
646
16358
86460
60355
76755
68766
70883
2825
86897
62709
69240
8967
13742
23138
98440
23840
28917
48823
64587
72621
82833
57839
63364
77880
78371
78945
84341
1745
9934
14140
82156
31323
9302
66622
83122
83901
6097
94685
18026
19829
31778
95529
22630
28287
42791
65436
24020
34592
51476
54363
36808
87392
59100
5358
76907
94567
43569
8519
18709
96157
65499
25902
84142
96421
35145
54522
8576
17792
49526
11015
87370
69867
23146
27355
30656
11949
1866
76774
85695
6887
44126
71028
74163
71872
73025
92923
75180
35307
67814
68688
72556
84977
72479
19524
82190
10204
13915
10341
14016
22622
65424
90686
72044
62830
64944
97833
33037
46604
91630
14794
97024
34129
47666
41438
8872
57821
31647
53603
89892
32324
32447
91891
18147
34338
72711
88825
52874
92107
6123
72569
47194
10549
56971
42987
47352
24547
84916
90450
37102
45775
44252
46682
53269
91674
99909
97798
15754
43849
65560
85491
95588
41061
67760
99421
700
5512
40055
58478
60152
6554
51098
56436
14740
79397
8830
50886
33387
66454
24938
32153
54337
55507
74844
82535
60030
71891
46171
2753
90568
63731
65831
32879
91215
59683
19821
35190
38980
80682
72365
85851
16724
42272
47526
85278
97871
17841
32162
42518
33305
49281
10707
24642
63507
8358
34440
20112
87729
82575
26661
89581
46055
55716
97935
95920
74031
52389
87953
96578
6107
10112
18849
97313
60117
23808
28194
41131
41342
84071
97603
19668
25304
18951
52012
56756
62507
67769
64257
30861
38732
57851
46276
69645
76784
93019
93858
95322
44360
60638
192
46938
66441
67273
29951
13744
44018
89181
44824
69061
50712
29412
96647
72848
70987
74547
13896
82429
6672
97331
66316
38396
33166
9909
19995
26752
41229
28716
35880
47247
46383
74441
3043
60275
96657
17129
59704
67279
41553
53412
2212
12354
22463
19451
13708
20627
71860
88932
93015
22170
27909
47179
73264
75770
93159
26598
34202
93994
50016
78486
95284
55230
41896
99131
73154
7362
19739
74224
78783
75456
84636
88886
63800
1726
68651
15366
50252
73529
53465
79370
5289
56427
31234
50411
5999
78134
33102
50634
5762
12607
25525
83432
90449
3695
8721
7796
3375
41759
70296
91611
5490
23155
14570
16718
27991
32624
40717
13426
84968
34239
38958
18688
84730
96870
65834
73676
17951
76899
15547
18927
80931
20481
48314
82447
97457
17098
22312
43583
63594
74800
97136
14951
22948
89549
7322
45280
60109
84022
48800
28000
45635
46988
66215
74419
99931
24226
39629
77795
25045
46293
54430
70953
30282
8491
36699
22531
5632
68475
76546
79830
81849
72600
49651
24805
84873
40866
41517
15717
52182
29948
40959
67154
30503
53834
61034
95084
40002
9159
54991
65650
31159
37057
83182
7788
63988
98592
71139
93579
95823
13062
15665
51844
84651
47098
70551
71529
8255
8736
14055
24863
34798
44888
42367
30444
24852
34928
57892
43642
64218
72069
80291
65926
25919
49375
89110
58070
83585
3401
4862
84451
17992
88871
12427
13342
30173
90324
36401
39332
33233
38894
34405
80687
95399
43341
48183
92145
1787
14268
53844
57378
61030
27803
52911
72586
75638
45296
64965
81287
44270
85267
94466
16632
20432
26672
60927
54425
14618
31344
86080
8213
92666
31049
36584
19351
67577
69275
85409
58436
86096
16830
8481
48640
92812
92219
22256
30781
36729
39049
39855
43940
68746
51362
70324
73105
77962
79832
86256
86815
84641
75207
90401
10137
26446
19027
51595
67908
78537
79724
86354
7661
11955
12980
18735
21323
28893
93643
52808
86694
59397
86066
2412
20676
38037
39862
34486
40368
42051
43765
43932
83563
96412
8488
46512
84686
19480
62407
46709
52174
52796
85750
85270
53779
62516
70244
83375
87966
17062
54085
43233
60723
61717
1969
44807
69020
72330
97639
13266
20261
28485
70841
45557
29620
8984
81950
61642
11306
14218
16226
22689
28654
31086
32661
34697
40049
43941
46772
40193
66095
68228
90281
98569
20714
43132
46288
69315
51925
53137
57194
61549
66382
67938
67979
41429
95468
3703
68032
78697
12853
17095
49644
14855
53302
87720
4760
9293
19107
28041
32904
39527
40200
95384
58634
60123
70998
918
1506
9193
14575
18516
75922
33081
22131
19163
11807
34117
54410
79681
29086
58536
71073
39404
4382
16123
14700
5684
26689
29553
33339
53660
65385
88817
54128
47451
77587
7083
16039
8225
23754
29912
57415
58109
88086
98871
846
19204
31267
19374
39055
55948
67192
98666
74259
78868
12566
34906
69042
73609
75399
76593
86382
91582
81088
93394
6816
25656
29409
29886
63834
80643
96518
792
30337
18934
56500
4142
5259
5993
65284
74371
74394
20775
77831
88716
84861
93605
4004
68860
14300
17851
20623
30848
42179
52923
53822
19420
89036
