6257
494 1511 1530
2485 1089 1518
5967 1317 1488
4384 808 1524
192 1665 1718
788 1344 1664
2099 1716 1585
381 1506 1711
239 1826 1678
4361 921 1395
5696 1391 1343
1403 1659 1475
2737 663 1679
4934 1525 1359
5308 1721 83
4180 1644 1292
3657 1893 96
5667 1623 1883
4680 1767 1372
53 1138 1210
3556 1310 1213
5050 1826 1532
5904 1783 1808
2149 1220 1340
2879 218 1925
5000 344 1947
5330 1223 1092
2897 1592 1172
581 1466 1230
2955 1385 1115
4933 482 1923
550 350 1834
1472 1195 953
2145 1460 1889
2467 1612 1036
2925 1473 1033
4586 1938 1667
3344 1320 997
273 1548 904
1725 1937 1549
4659 494 1744
419 1108 1020
1347 1412 902
5604 1568 72
3946 182 636
4258 1753 1069
1999 1056 1118
5853 1775 217
806 1918 1418
3157 209 1781
4281 620 1888
4409 1923 1791
5913 1075 1348
1525 1757 1222
1989 1915 235
4763 1294 852
6023 101 472
78 1772 1932
132 81 1936
477 1721 901
1657 333 1715
2037 1158 845
2637 1922 1921
2944 421 675
3103 881 250
3697 997 1236
4129 661 1471
4228 404 929
4528 1640 201
4598 545 1045
5716 756 1332
6047 347 491
6114 851 82
136 540 1576
189 1048 894
388 76 1803
527 740 193
1120 666 1182
1814 693 1029
2407 1080 749
2529 1030 300
2559 527 510
2561 602 166
2830 569 280
3771 348 1110
4762 398 1589
4787 1795 345
5065 1017 629
5216 739 334
5316 1222 741
5598 981 1000
261 1035 113
1429 878 538
1488 601 392
1577 1906 1287
1747 787 1145
2752 1563 770
3843 872 668
4555 959 777
5135 611 850
5364 1055 488
5456 1413 772
5892 1669 322
26 684 59
106 1151 628
195 1407 86
435 610 1320
471 239 1618
653 460 200
1050 1497 188
1174 896 404
1438 864 1246
1537 394 1302
1751 496 1419
2039 518 1200
2747 245 379
2864 1900 963
3041 1184 235
3081 674 649
3225 923 1115
4088 1754 741
4889 345 162
5247 271 64
5257 1920 370
5417 437 360
5445 1475 637
5583 1627 657
5599 526 64
5656 1162 387
6149 839 1013
71 216 213
499 903 889
750 1242 91
1252 97 316
1687 756 908
1981 86 1663
2209 399 57
2443 1607 539
2528 339 283
3228 728 489
3256 1578 411
3751 1527 294
4198 784 771
4263 1705 454
5078 1907 1142
5225 1321 666
5480 306 1463
6103 150 68
6196 1484 499
115 1225 532
350 1904 798
1016 213 1308
1144 1750 594
1902 1434 381
2303 1369 539
2340 75 172
3837 1356 249
4750 2 2
4803 110 1496
5051 1940 504
5222 1821 487
5973 1900 640
6161 1304 401
91 1480 1536
4794 1496 1531
4125 1479 1537
4018 1494 1547
4515 1497 1541
5025 1496 1540
5298 1492 1535
1508 1501 1538
3811 1498 1543
3962 1504 1532
101 1504 1559
121 1460 1537
3381 1496 1554
286 1483 1525
3334 1494 1554
3816 1488 1522
2593 1507 1530
745 1510 1562
2826 1514 1556
9 1493 1555
5828 994 1606
2516 1484 1529
2294 1504 1523
411 984 1586
6032 1493 1557
2228 1480 1531
6217 1489 1527
2458 968 1585
4807 1481 1527
2922 1492 1518
2224 1511 1543
5180 1476 1546
3672 1487 1522
2306 1516 1563
128 1477 1550
3151 1509 1551
3911 989 1584
4852 1459 1535
2668 987 1609
2365 1480 1524
2850 1508 1526
3656 1464 1531
244 1485 1545
2381 1486 1520
2424 1477 1531
701 971 1609
4089 1484 1550
143 1510 1549
5891 1480 1545
6226 1455 1541
4781 1515 1551
5057 975 1652
3161 1465 1549
2320 1525 1554
869 974 1590
2419 1522 1515
2954 1515 1535
5229 1465 1542
2870 983 1614
1524 1472 1522
2908 972 1589
1362 1518 1539
476 992 1659
1158 1526 1529
2847 1464 1539
2616 982 1568
993 995 1608
4628 1505 1564
4371 936 1580
2080 1068 1673
1339 958 1604
4632 1441 1542
331 969 1614
3277 1402 1532
4856 1466 1552
2309 1511 1534
5893 936 1579
1686 1520 1528
1431 1514 1563
4899 1461 1542
4530 1507 1564
2948 1523 1527
3326 1518 1527
5807 1462 1524
1782 1454 1543
2926 1456 1548
464 997 1625
2074 1449 1544
634 1518 1516
478 976 1660
3055 1465 1518
59 1531 1554
5804 1500 1563
5751 1502 1516
1464 1367 1521
5433 981 1665
4600 1482 1566
4158 1503 1518
5176 992 1582
5559 1448 1553
1101 1421 1531
3101 997 1579
3637 1362 1534
6189 965 1653
4185 991 1639
199 1421 1534
2477 993 1629
5228 1471 1547
2881 950 1567
1541 1476 1522
2912 1496 1566
4017 1504 1565
1237 1012 1598
1712 1497 1563
4012 1470 1524
2883 1520 1552
2749 1006 1582
336 1460 1528
640 1381 1528
4978 1344 1511
1888 1367 1511
2187 1534 1558
3789 1383 1529
3930 1426 1553
2608 1412 1530
3023 1353 1527
4231 920 1579
1837 1658 1657
1318 1354 1492
439 1396 1556
133 1345 1482
3613 1513 1571
3666 1527 1563
1483 1407 1530
6018 1483 1572
1420 1528 1525
24 1420 1544
4124 1420 1547
5429 983 1562
1002 1382 1534
4629 1496 1509
5554 1405 1534
390 1536 1557
1851 1367 1513
4718 1532 1520
447 973 1539
5845 1364 1532
1706 1346 1482
1522 1346 1484
3439 1377 1496
4866 1341 1471
4739 1664 1666
5944 1372 1471
488 1339 1460
608 1440 1534
4330 1351 1519
2680 924 1565
2377 1408 1563
5582 1353 1517
860 1379 1543
771 1416 1522
256 1508 1575
1492 967 1666
4431 989 1541
6165 1145 1667
6252 973 1634
4573 1467 1561
4439 1340 1458
4525 1659 1669
4921 1343 1466
3963 1381 1547
867 1416 1558
1297 1522 1575
5048 936 1607
5609 1368 1494
858 1401 1562
1215 1384 1554
967 950 1628
5569 1452 1523
38 968 1544
3273 1417 1527
753 1535 1548
352 1436 1533
4257 1526 1508
5685 1361 1494
699 1371 1502
4163 1478 1513
391 977 1565
449 947 1565
4368 1462 1512
2939 1338 1531
4971 976 1672
4356 1475 1516
632 1396 1540
460 1526 1537
4152 1376 1498
1384 1527 1509
181 1516 1574
1146 1341 1467
5555 1434 1547
3583 1362 1516
1195 1476 1569
4863 1339 1477
2814 1487 1510
2905 1086 1641
5895 1327 1552
1853 1423 1549
1290 1385 1524
5762 1360 1494
2336 946 1561
98 1393 1491
1728 1349 1549
4854 1408 1525
4255 1418 1545
4920 1426 1551
2621 1356 1526
4859 1471 1511
1674 1475 1567
2560 1441 1540
2825 1495 1571
5763 988 1543
2726 1353 1471
19 920 1567
2783 1446 1537
315 1355 1499
2011 1408 1538
1861 1346 1460
4873 1336 1465
4470 1359 1517
4751 1381 1536
5755 1434 1549
5943 1351 1530
3757 977 1554
6248 1523 1521
5173 1469 1563
1445 1087 1687
332 1501 1572
3471 1450 1532
95 1390 1544
4512 1345 1503
60 1389 1546
4936 1459 1521
3176 1657 1668
2838 1434 1537
1907 1383 1552
3390 1001 1641
626 1432 1544
652 1354 1469
240 1520 1509
325 1661 1661
1026 995 1574
2656 1517 1576
1143 1378 1497
1500 933 1560
3820 1348 1464
4844 1393 1548
3049 1336 1529
4413 1014 1574
6228 919 1553
207 1326 1548
319 1374 1510
3453 1010 1573
4295 1392 1546
3387 1337 1472
3483 977 1559
2109 1365 1508
51 1406 1532
159 1343 1472
727 931 1542
1111 1657 1669
1917 1347 1482
3691 1015 1676
787 1352 1469
1874 965 1562
615 1419 1543
5302 1516 1573
4537 1339 1457
906 1472 1509
2981 1500 1588
3398 1506 1510
3431 1304 1518
4846 1496 1584
5146 1488 1594
3552 1365 1470
4291 1010 1556
2500 1289 1524
5868 1368 1564
855 1624 1663
2829 1663 1685
731 1533 1568
3016 1027 1583
3249 1477 1576
4131 1509 1585
1226 1381 1483
2980 1443 1559
564 1524 1580
1008 1359 1492
4298 1321 1500
5407 1393 1493
1589 1390 1562
3588 1437 1514
337 1662 1650
2044 1332 1505
4377 1536 1527
765 1357 1467
994 1322 1479
710 1128 1646
4267 975 1543
6129 1538 1503
595 1454 1514
1652 1671 1675
957 1535 1520
367 969 1537
1822 1422 1541
4831 1319 1482
1767 1333 1490
5191 1500 1595
5924 956 1558
763 1380 1486
4481 1651 1681
5207 957 1556
3184 957 1642
5537 1384 1511
3922 1526 1579
1349 1646 1661
2371 1375 1477
5331 1448 1517
2755 1390 1526
3544 1530 1526
281 1323 1564
1155 1662 1655
6197 1542 1557
4057 1376 1489
5726 1391 1472
2181 1460 1584
3517 1543 1550
1764 930 1540
2251 1492 1600
3907 1158 1651
5508 1663 1682
3815 1370 1552
1578 1450 1583
6092 1007 1560
1565 1376 1470
2059 1483 1599
4655 1534 1530
317 1378 1557
606 1385 1476
5776 1516 1501
3269 1666 1648
1613 1503 1587
4817 1330 1527
2373 1445 1517
3650 1397 1551
3902 1432 1563
4679 1450 1511
5035 1058 1637
3276 1420 1569
938 1381 1481
2533 1332 1510
4888 1664 1680
418 1497 1513
5265 1538 1565
5294 1361 1508
1812 1524 1585
3317 1627 1663
3067 1375 1564
4911 1366 1504
5499 1527 1514
3750 1382 1517
1137 1669 1667
4816 1506 1592
823 1362 1470
6162 1326 1493
6218 1651 1654
2056 1365 1486
643 1520 1492
459 1420 1568
5349 1658 1678
3331 936 1547
3294 1422 1577
5345 1421 1515
102 1538 1502
4463 908 1551
1245 1388 1466
4713 954 1542
4616 1335 1542
1036 1312 1506
4156 1652 1684
5938 1023 1588
3784 1321 1521
4182 1309 1516
2773 1435 1517
6214 1425 1531
2643 1012 1537
5284 1311 1512
2426 1380 1485
3180 1375 1457
1676 1376 1543
5989 1473 1507
1647 1492 1593
1238 919 1576
5749 1321 1556
2665 1394 1514
2688 1338 1560
5872 1533 1531
517 1304 1529
2733 1357 1551
1412 1359 1463
1935 1535 1523
3030 976 1676
1134 1439 1520
939 1655 1674
4039 1670 1653
1538 1431 1577
416 1440 1520
6 1451 1520
4532 1353 1535
2531 1395 1572
1163 1421 1499
5038 1468 1505
1597 1667 1647
1458 955 1544
3943 1109 1626
5481 1386 1503
2379 1314 1517
1176 1295 1538
1543 1466 1577
1630 1673 1657
1733 1401 1522
4351 1520 1494
3444 1369 1492
5363 1360 1478
2903 1672 1668
3408 1549 1531
4084 1509 1506
1941 1376 1480
766 1066 1629
4692 1524 1501
5272 1487 1506
4880 1335 1481
961 1364 1478
4743 1514 1580
4003 1495 1514
816 1363 1550
4174 1509 1587
5283 1399 1575
5028 1458 1509
4495 1450 1518
3117 1379 1509
4145 1621 1666
839 1355 1455
1149 1308 1510
760 1293 1537
6132 1619 1666
3258 1332 1539
4047 1524 1496
2342 1027 1639
3021 1328 1486
5543 1392 1570
1800 1495 1589
892 1381 1485
2800 1537 1517
3543 1665 1646
1665 1385 1495
3912 1045 1544
3232 1539 1562
3497 1664 1689
2100 1358 1554
6078 1670 1665
109 950 1536
234 1641 1664
69 1456 1518
4030 1398 1584
3579 1630 1664
2097 1515 1586
1468 1377 1481
2129 1535 1532
2945 1665 1651
3162 1498 1583
88 1329 1456
3178 1280 1525
4642 1436 1515
1783 1420 1567
2634 1632 1671
3671 1508 1593
613 1332 1473
589 1389 1513
6099 1032 1531
5781 1393 1510
5557 1413 1564
1684 1374 1543
2996 1650 1671
2238 1539 1570
3969 1394 1530
3367 1457 1587
5067 1430 1574
2609 1336 1551
6039 1513 1511
5155 932 1555
5886 1369 1461
676 1380 1462
2615 1329 1522
1221 1415 1515
6075 1410 1511
2227 1503 1586
3362 1284 1525
1415 1384 1562
3900 1347 1541
4758 1020 1614
723 1336 1499
2007 1329 1467
5208 1521 1499
3996 1444 1580
4476 1335 1491
1184 1492 1583
3333 1372 1457
5720 1419 1510
210 1381 1568
1910 1332 1476
4865 1405 1547
1248 1309 1559
1958 1306 1565
5245 917 1605
3240 1447 1508
885 1417 1579
6104 1336 1513
4388 1377 1482
103 1357 1556
2222 1656 1675
663 955 1660
2573 1327 1506
5668 1535 1521
4810 1321 1522
4770 1326 1483
5798 1670 1655
4558 1688 1655
5081 1510 1515
1074 1532 1498
5961 1391 1526
4950 975 1548
5195 1684 1655
4304 1465 1577
2994 1667 1652
5815 1362 1492
4417 1334 1498
2451 1017 1605
253 947 1663
4345 1531 1567
6249 933 1548
3865 1646 1658
5362 1431 1560
6079 1429 1531
4884 1042 1542
461 1454 1582
1628 1398 1585
3663 1423 1572
2518 917 1578
4916 1316 1559
6070 1398 1574
648 1440 1569
5978 1686 1645
4914 1352 1568
3992 1654 1687
2940 1515 1506
707 1132 1693
3849 903 1584
3706 1481 1610
403 1547 1509
3521 1611 1667
1841 1431 1505
3770 1299 1520
1906 1480 1594
6135 1454 1591
3534 1638 1679
5159 1304 1533
3442 1543 1520
2982 1451 1499
276 1612 1671
1061 1460 1496
5091 1510 1604
400 1456 1596
363 1339 1565
582 1691 1652
2142 1693 1652
2553 1404 1477
3351 1396 1587
238 1426 1584
1956 939 1641
2362 1497 1486
4085 1646 1682
5912 1513 1504
2318 1395 1471
217 1036 1537
5144 1680 1647
4404 1444 1588
4890 1645 1691
919 1466 1601
4997 901 1584
3736 1628 1681
3394 1300 1527
6256 1389 1459
2901 1393 1479
329 1694 1669
3936 1459 1497
5675 1471 1589
848 1427 1501
3530 901 1534
6178 907 1533
4072 1408 1497
2654 1487 1490
3916 1686 1648
2525 1404 1481
2301 1029 1611
2646 1655 1701
3982 1682 1701
2355 1644 1691
3159 1549 1505
5834 1673 1692
5044 922 1626
1663 1518 1602
4428 1010 1704
1717 1438 1589
6238 1433 1579
4272 1040 1530
535 1412 1500
1280 1452 1503
5532 1479 1587
1724 1681 1671
2004 1465 1589
1646 1683 1703
3242 909 1595
1305 1370 1456
462 1425 1517
3248 1674 1677
3376 1313 1486
3348 1512 1505
28 1655 1650
4764 1551 1538
3565 1679 1692
2446 1640 1677
3020 1433 1587
354 1491 1493
230 1638 1654
5029 1650 1647
2160 892 1538
1571 1334 1579
5775 1502 1492
2705 1481 1585
2527 1437 1498
4579 1637 1683
6167 1652 1702
4451 1317 1489
619 1555 1514
4367 1331 1556
782 1283 1546
3600 1629 1673
5485 1553 1527
1220 1649 1703
1124 1435 1586
465 1109 1619
1302 1469 1609
90 1001 1704
2361 1685 1671
2413 1679 1646
3315 1552 1538
3026 1688 1651
242 1642 1681
4465 1642 1682
1703 1652 1688
2984 1395 1479
5006 1651 1694
3629 1443 1587
5379 1447 1507
5597 1672 1651
661 1460 1495
5315 1540 1565
2906 1544 1548
833 1300 1541
2772 1313 1497
1450 1652 1644
3389 1500 1487
1309 1058 1628
4374 1400 1484
1546 1684 1680
6028 1470 1488
2851 1405 1496
1257 908 1534
988 1488 1483
485 1432 1569
5113 1680 1666
2280 1389 1464
2921 1432 1581
160 1399 1480
155 1556 1531
1104 1654 1705
1866 1494 1500
3405 908 1597
5127 1439 1589
5342 1438 1510
123 1484 1582
5424 1661 1645
1071 1330 1545
3406 1542 1510
4710 1504 1600
4646 1658 1696
5742 1277 1548
1023 1682 1678
539 1535 1492
2835 1676 1680
1849 1395 1499
2164 1547 1515
5220 1541 1533
6181 913 1533
4168 1473 1490
4293 1555 1526
4989 1661 1649
685 1310 1474
5503 1493 1504
2386 1534 1497
2644 1338 1563
1171 1676 1678
3715 1395 1486
4014 1679 1660
2021 1492 1605
5643 1474 1493
305 1369 1459
2918 1339 1561
2135 1517 1591
5620 1680 1689
5988 1469 1587
2757 966 1676
250 1324 1563
5945 1673 1650
3100 1470 1490
978 1307 1531
4311 1538 1529
6095 1546 1545
2647 1632 1679
3917 967 1678
3524 1678 1678
3878 1412 1497
6247 1612 1670
4870 1005 1528
1714 1505 1504
1319 1328 1461
3233 1480 1602
3478 1678 1674
3436 1541 1534
1694 1552 1527
5564 1314 1498
5108 1682 1661
2869 1413 1502
3944 1633 1657
4742 1036 1576
5419 1428 1591
4052 1675 1642
3274 1540 1568
1792 1682 1659
4556 1340 1570
410 1338 1566
2963 1406 1484
547 1484 1493
525 1676 1703
5982 1413 1505
2724 896 1530
4913 1389 1463
3166 1031 1641
1754 1687 1699
5665 1355 1570
284 1406 1477
2302 1684 1665
5361 1460 1591
2966 1264 1536
3193 1530 1579
976 1543 1499
1249 1408 1482
5147 1414 1496
4577 1652 1701
99 1309 1543
3622 1473 1608
1625 1517 1592
2144 1296 1539
6034 903 1539
1477 1002 1525
605 1303 1578
3919 1415 1504
5584 1461 1597
1388 1036 1626
598 1544 1547
5338 1479 1591
3425 1427 1515
2392 1272 1538
5745 1313 1494
780 1546 1521
2268 1675 1694
3643 1515 1592
3951 1542 1499
3831 1515 1502
4720 1047 1579
6157 1473 1617
4358 1547 1545
847 1413 1583
4485 1310 1483
3923 946 1533
879 1563 1506
3409 1502 1475
3458 1412 1587
3702 1451 1488
3554 1640 1694
5711 1460 1607
5800 1690 1670
3229 1412 1482
3630 1481 1486
5446 1703 1635
4133 1341 1448
718 1479 1483
5977 1667 1638
2878 1649 1710
5790 1702 1650
3668 1039 1606
3574 1698 1683
2180 1645 1696
1446 1463 1488
2260 1359 1440
5969 1262 1548
2447 1483 1482
2030 871 1562
5910 1316 1582
2429 1502 1483
2425 1456 1599
3735 1613 1647
1696 1553 1493
2246 1046 1570
916 1652 1716
5623 1552 1520
5310 1558 1507
609 1149 1638
4898 1556 1558
3380 1272 1524
1737 1599 1635
2370 1693 1698
6100 1549 1564
194 1338 1445
1761 1681 1641
3222 1538 1586
800 1553 1566
2722 1607 1660
1545 906 1624
1607 1031 1619
3468 1649 1640
2998 1472 1621
2035 1529 1493
1444 1696 1641
2701 1168 1648
672 1465 1623
1453 1357 1578
1073 1657 1635
4329 1459 1613
2465 1659 1709
1955 1700 1659
523 1273 1566
1254 916 1615
4105 1334 1582
1345 1554 1541
1992 1604 1657
5864 1555 1559
2877 1446 1599
4714 1638 1638
5193 1456 1489
409 1559 1500
2130 1703 1648
1659 902 1617
1743 1382 1583
842 1645 1647
406 1549 1493
4935 1461 1602
4965 1318 1578
1880 1508 1479
372 961 1531
382 1503 1476
4420 1556 1544
5296 1115 1628
2958 1285 1558
5269 1695 1676
5550 1666 1712
1044 1365 1451
830 1346 1443
3823 1444 1595
1140 1380 1590
1601 1588 1640
3137 871 1580
4504 1553 1544
4945 1041 1600
5372 1700 1654
218 1659 1635
220 1510 1487
5094 1614 1674
2210 1669 1634
2841 1687 1681
170 1696 1712
247 1405 1463
3434 1460 1603
359 908 1606
5516 1508 1489
2517 1426 1594
161 1626 1691
1666 908 1619
1043 1269 1522
4868 1542 1569
6094 1411 1484
515 1479 1618
1809 1053 1557
4885 1499 1484
366 1442 1591
6180 901 1521
1830 1505 1497
3655 1408 1465
5388 1687 1637
3846 875 1555
453 1500 1482
5890 1041 1584
5351 1543 1569
5979 1605 1642
4861 1676 1639
2693 1295 1495
1321 1695 1696
902 1679 1640
2352 1551 1566
3411 1423 1496
4078 929 1525
283 1698 1637
4326 1700 1678
1834 1450 1599
1325 1138 1630
1938 1319 1473
5185 1386 1576
44 928 1526
2782 1620 1678
3714 1555 1503
5278 1648 1698
5418 1345 1450
4881 1598 1632
5355 1627 1649
2040 1457 1492
4310 1615 1658
1060 1499 1482
5974 1543 1576
3519 1466 1620
5198 1697 1635
2604 1447 1486
2750 1456 1493
2524 1434 1496
3108 872 1563
5933 1415 1488
2490 1668 1635
4221 1542 1497
6150 1425 1503
4675 1690 1679
4822 1634 1688
854 1414 1473
637 1541 1575
4765 1464 1489
3391 1440 1492
1223 1048 1594
3121 1624 1689
4584 1618 1678
4002 1433 1487
1805 1695 1667
1872 1553 1508
3147 1429 1492
3250 1354 1574
725 1451 1487
2287 1413 1487
4952 1694 1665
163 1318 1579
1755 1401 1586
5237 1495 1484
3675 915 1631
3747 1454 1493
4966 1422 1494
2189 871 1579
4623 1285 1571
1350 1694 1640
2788 1665 1640
5616 1109 1708
5728 1359 1444
1675 1414 1470
1310 1462 1608
5916 1666 1635
3658 1004 1721
3106 995 1523
1311 1704 1650
3989 1401 1469
3927 1507 1484
3772 1633 1700
4325 1687 1641
2067 1623 1684
3353 1400 1466
4760 1558 1501
4685 1563 1503
1145 1440 1494
1723 989 1695
512 1621 1680
4015 1485 1490
2959 1288 1506
722 1293 1564
3073 1265 1547
3855 1553 1547
4040 1666 1636
6191 1638 1636
1496 1481 1621
1735 1561 1529
2587 1049 1539
5571 1646 1694
425 1552 1558
2611 1687 1707
3522 1360 1574
3611 1632 1693
1015 1461 1487
1480 1519 1484
5235 1689 1692
2669 1411 1492
4034 1289 1504
1278 1660 1632
2032 1542 1492
1695 1564 1503
3768 1433 1492
910 1627 1654
1109 985 1529
6212 1624 1690
2321 1469 1627
3575 1669 1637
5947 1696 1642
1847 1667 1634
2664 1544 1571
603 1282 1560
5122 1601 1637
2951 1685 1712
5548 1636 1697
4894 1627 1655
6172 1550 1560
498 1551 1502
4079 1615 1641
4422 1693 1701
794 1466 1487
1732 1555 1498
3226 1641 1642
1616 1513 1490
3005 1358 1442
5110 1350 1443
1374 1548 1529
726 1442 1490
3939 1705 1653
5483 1667 1633
3283 1452 1486
1147 876 1563
2391 1551 1519
5522 1693 1664
3029 1414 1485
1832 1618 1684
4473 1403 1473
5855 1657 1705
601 1151 1639
3247 1647 1641
2887 1700 1673
3045 1326 1577
4969 1688 1707
805 1524 1482
1669 883 1542
2452 983 1521
4725 1544 1629
1034 1627 1699
173 1729 1687
3987 1739 1690
1790 1708 1659
751 1517 1618
1348 1718 1696
764 1567 1525
3200 1735 1666
657 1585 1667
1893 1532 1606
1969 1460 1484
2618 1254 1523
1681 1482 1476
1092 1415 1593
4644 1578 1649
1466 1422 1488
3704 1704 1666
1255 897 1574
4757 892 1522
6160 1339 1438
1858 1611 1637
4077 1418 1462
2844 1528 1666
3654 1723 1696
5306 920 1515
2501 1547 1584
2857 872 1551
6085 1519 1653
2449 1589 1656
2503 1717 1684
4661 1423 1487
3014 1586 1651
3532 1694 1692
5478 1625 1641
4878 1354 1428
4658 1051 1549
202 1560 1549
2358 1697 1690
3560 1258 1544
5820 1342 1438
1909 1064 1564
6025 1700 1700
2396 1671 1628
5976 1417 1464
5063 1700 1709
1870 1451 1481
3812 1617 1688
1618 1572 1506
4860 1673 1624
4738 1575 1654
3036 1560 1495
1103 1530 1658
1180 1669 1623
4339 1486 1481
4024 1602 1640
2200 1380 1592
1779 1572 1511
3153 1534 1654
2339 1652 1629
4350 892 1581
3548 1570 1657
3059 907 1662
3493 1536 1648
3355 1572 1548
3271 1336 1433
484 1715 1690
895 880 1632
3893 1585 1650
5710 1735 1663
375 1507 1481
5301 1534 1622
4074 1457 1481
2704 1520 1620
1225 1599 1654
10 1725 1678
2308 1370 1445
2357 1406 1460
1604 1605 1621
4875 1555 1590
5589 1504 1627
1272 1014 1514
4828 1687 1714
5504 1381 1587
5517 1748 1683
1312 1704 1697
4189 1083 1599
2793 1341 1434
1758 1547 1610
5042 1249 1525
2173 1694 1694
5380 948 1521
5551 1677 1709
4800 1654 1718
625 1646 1703
1985 1311 1423
3913 1559 1569
5252 1542 1621
5520 871 1542
1793 1605 1675
803 1560 1548
5664 1525 1624
785 1433 1470
2264 1532 1616
3994 1330 1409
741 1661 1621
2739 1552 1593
2907 1614 1682
3819 1352 1436
5724 1561 1561
1511 1560 1573
5699 1280 1502
6215 1331 1407
941 871 1641
2952 1702 1631
3975 1581 1647
2979 1569 1573
3203 1330 1410
2975 1383 1428
3058 1613 1678
825 1531 1662
3779 877 1546
3824 866 1567
5833 1613 1632
378 1524 1628
3901 1541 1622
3393 1579 1657
4869 1335 1413
6227 1737 1663
2532 861 1608
6119 1692 1629
1844 1046 1523
6130 1662 1630
4416 1027 1515
857 1349 1585
5367 1684 1631
746 1722 1694
542 1412 1458
4009 1458 1481
4108 1565 1557
909 1732 1683
3461 1703 1713
4135 1703 1699
3798 1741 1663
959 1558 1487
2047 1516 1610
2174 1484 1628
5588 1479 1479
1813 893 1638
4197 1573 1506
2946 1118 1599
5561 1545 1485
532 1520 1664
682 1536 1485
46 1704 1624
4395 1657 1626
1786 1573 1509
3236 1688 1710
5266 1732 1684
2915 1725 1677
2493 1522 1611
5194 1706 1636
1756 1670 1634
5440 1564 1538
5852 1260 1549
5782 1418 1463
2694 1646 1631
3952 1719 1700
5386 1708 1626
3896 1409 1464
6235 1731 1673
1452 1574 1515
3541 1694 1718
5727 1386 1432
3133 1555 1582
3515 1072 1598
3906 1554 1518
2853 1736 1693
196 1634 1713
843 1127 1609
592 1428 1468
1975 1057 1536
2995 1673 1719
3208 1128 1607
5236 1729 1697
6021 1309 1587
328 1723 1677
392 1332 1434
2364 1574 1511
5320 1375 1594
5307 1575 1508
42 1326 1411
1188 1570 1559
2277 1676 1626
4698 1347 1583
5729 1520 1472
1901 1561 1494
6209 1544 1601
3869 1540 1613
130 1567 1641
922 1058 1596
874 1748 1681
2398 1561 1500
3495 1468 1485
4270 1604 1627
264 1558 1494
679 894 1523
457 1539 1597
4534 1601 1673
1299 1735 1695
955 1625 1616
5935 1742 1665
5758 1613 1691
1838 1372 1591
151 1542 1489
6222 901 1602
6068 1574 1512
6053 1385 1430
1627 1050 1607
1776 1334 1442
735 1545 1589
4839 1693 1626
6113 1495 1633
2484 1702 1630
1181 1552 1613
3191 1501 1610
4993 1283 1574
279 1700 1706
6116 1543 1483
3185 1281 1576
2157 1364 1439
5691 1709 1681
1971 1547 1633
6020 1543 1592
5540 1679 1627
5313 1569 1521
5437 1709 1692
6019 1048 1615
2118 1700 1685
2872 1526 1663
2512 1588 1639
6186 1353 1436
2378 1547 1576
1759 1570 1513
2236 950 1683
429 1327 1409
3230 878 1533
4727 1697 1713
6062 1700 1680
5964 1480 1629
3525 1422 1482
1900 858 1603
3396 1573 1512
5876 1711 1675
6017 1569 1559
1355 1438 1480
6022 1682 1722
2170 1263 1516
5100 1545 1577
1201 1712 1678
5506 1598 1666
4348 876 1590
778 1574 1651
135 1705 1682
1368 1636 1716
4062 1324 1435
67 1521 1476
1974 1690 1629
4520 1708 1690
1656 1706 1699
3311 1708 1632
5201 1257 1553
43 1693 1627
2455 943 1521
2162 1578 1652
165 1599 1636
2815 1739 1676
1633 860 1595
2012 895 1583
2346 1571 1507
4148 1710 1635
5764 1602 1642
2640 1440 1474
5129 1669 1631
3872 1747 1682
5851 1474 1634
5915 1258 1530
2627 1549 1580
3749 1523 1664
1183 1280 1501
2314 1709 1665
2454 1564 1593
3028 1453 1617
3379 1543 1608
4019 1420 1482
458 1401 1452
1639 1115 1600
668 1590 1652
1406 1735 1691
180 1706 1676
1965 1704 1669
1001 1675 1710
2509 1704 1674
6134 1069 1569
1159 1528 1626
1179 1519 1475
4905 1352 1592
1142 1371 1452
137 1707 1634
4624 1068 1560
3689 1564 1570
4561 1459 1478
3631 1188 1636
4951 1710 1708
1531 1726 1679
265 1447 1473
2973 1050 1602
3623 1712 1706
5314 884 1577
4385 1737 1655
4649 1338 1595
4137 1489 1619
4840 1695 1627
5662 877 1624
3741 1704 1696
2648 1557 1494
295 1710 1696
1335 1708 1633
1979 1134 1609
4243 1698 1629
2848 856 1611
3856 1639 1699
2102 883 1643
3920 1440 1475
5859 1329 1434
3758 1526 1662
4462 1520 1660
2279 1719 1690
1262 1706 1624
3146 1488 1610
4701 1701 1668
852 1394 1591
5080 1565 1564
4049 1696 1721
599 990 1515
4050 1584 1637
2233 918 1515
1128 1671 1624
4995 1704 1695
5575 1736 1664
3192 1719 1688
1528 1732 1674
2613 1706 1706
690 1616 1635
3903 1562 1527
4370 1458 1482
5114 929 1514
2078 1111 1603
669 941 1526
5217 1605 1684
1048 1312 1422
2014 1705 1621
2456 1527 1660
3592 1440 1473
5030 1754 1689
4450 1637 1617
1367 1298 1427
5204 1743 1698
572 1650 1624
4225 1507 1636
4886 1753 1665
11 850 1557
877 1431 1465
3830 1517 1641
538 1754 1684
3422 1589 1704
819 1679 1722
558 1604 1704
5047 1356 1601
5166 1740 1680
5791 1628 1626
4531 1689 1627
5636 1662 1617
1386 1754 1690
1422 1565 1487
4508 1334 1383
812 1368 1408
4338 856 1541
1924 1660 1728
5826 1712 1645
3801 1562 1543
4690 1599 1690
5903 1742 1678
4671 1601 1696
177 1478 1469
4653 1337 1598
4517 905 1514
278 1354 1600
3310 1615 1612
4205 1611 1613
3866 1558 1591
4651 994 1734
6148 902 1681
2663 1342 1604
2692 1507 1471
2734 1588 1698
3415 1710 1722
1738 1375 1600
3875 1714 1713
5705 1582 1679
5172 1599 1628
3660 1392 1607
1583 924 1511
2949 1750 1676
3624 1371 1406
1481 1414 1467
5753 1575 1489
5120 1346 1411
4159 1634 1602
6087 884 1614
80 1749 1672
3940 1372 1444
1588 1657 1619
3634 1557 1639
4673 1598 1688
5335 1568 1659
6058 1554 1634
1868 842 1545
3636 1480 1466
454 1550 1605
5117 1244 1545
294 1757 1674
4444 1501 1621
1075 1317 1422
1771 1448 1462
2163 1523 1634
721 1513 1641
1923 1571 1530
4551 1601 1700
112 1567 1588
431 1562 1615
4223 1716 1652
2231 1594 1681
543 1365 1401
2005 1692 1719
2974 1695 1735
3472 1699 1625
1213 1499 1639
2674 1361 1408
6074 1641 1617
1160 1727 1705
3079 1726 1657
734 1702 1726
124 1694 1732
2741 1560 1591
405 1592 1573
501 1549 1652
164 1661 1725
5956 1696 1621
3701 1273 1506
5702 1363 1401
1770 1718 1718
3141 1527 1668
5010 1528 1642
900 1575 1485
1085 1317 1461
712 1720 1665
647 1347 1404
1121 1725 1709
1933 1638 1399
5809 1631 1604
6153 1745 1693
3983 1650 1723
3148 1693 1736
783 1691 1737
393 1339 1418
4036 1567 1582
4906 1719 1671
5031 1566 1582
1486 1513 1648
3125 1471 1475
4033 1347 1430
3188 854 1571
1199 1316 1453
4445 1440 1612
5965 1445 1620
6124 1366 1441
2247 1379 1437
2774 1366 1416
4948 1713 1657
1964 1258 1559
21 1680 1626
1317 1714 1675
1620 858 1576
1544 1373 1420
3659 1563 1580
5808 1576 1667
4254 1542 1473
1168 1633 1713
6243 1547 1605
6031 1728 1670
1442 1494 1638
4461 1697 1729
221 1561 1644
1591 1621 1640
347 1629 1415
5241 1618 1614
2723 1728 1663
5493 1744 1693
2629 1614 1701
1267 1387 1445
1436 1494 1611
6056 1342 1419
5684 1744 1660
658 911 1510
2155 1742 1641
536 1730 1646
4796 1731 1649
5046 1598 1687
3209 849 1552
5279 1644 1612
520 1425 1619
1441 1755 1680
4779 851 1530
1658 1756 1689
4848 1424 1609
5661 1682 1738
2259 1708 1622
5759 1594 1574
1187 1371 1443
4941 1595 1671
954 1155 1613
705 861 1548
5624 1566 1532
1685 1534 1473
1982 865 1642
4365 1135 1586
636 1700 1624
3687 1123 1585
4988 1575 1558
5757 1597 1665
2207 1568 1490
4774 1422 1624
113 1578 1562
856 1645 1731
1760 1121 1595
2112 1628 1394
5972 1163 1620
3272 1348 1416
6177 1305 1437
1707 1513 1665
594 980 1512
983 1445 1609
1673 1562 1656
5409 1563 1607
3307 851 1547
1584 1485 1646
2237 1474 1641
3292 1579 1710
6207 1500 1471
696 1700 1615
831 1686 1626
1641 1526 1617
5884 858 1561
300 1582 1575
1413 1454 1473
5902 1651 1623
1330 1712 1724
3325 1578 1558
4775 862 1571
1557 1321 1440
2226 1733 1661
5739 1597 1669
1848 1385 1442
2179 849 1530
4829 1407 1450
2999 1352 1601
5567 1744 1709
607 1724 1706
5143 1658 1617
5921 1730 1705
4872 1637 1393
901 1508 1649
2866 1560 1648
4393 1711 1639
4048 1624 1624
5713 1609 1620
1371 1713 1650
1552 982 1516
5658 1480 1468
481 1488 1627
4678 1343 1412
3746 1554 1640
2123 902 1517
4474 1489 1630
5534 1582 1572
4902 1549 1627
2111 1659 1728
3009 1490 1472
689 1595 1697
675 1633 1394
360 1512 1644
3152 1490 1655
688 891 1521
2105 839 1555
3494 847 1542
2779 1522 1479
4542 1529 1645
5541 1433 1619
2010 1562 1593
420 1306 1437
1881 1756 1674
1069 1545 1592
1306 1749 1674
4877 1695 1720
3880 1697 1727
5365 1545 1481
6192 1732 1656
1593 1554 1609
114 1561 1588
1928 850 1550
4569 959 1514
1887 1314 1595
5491 1325 1422
2146 1427 1465
5336 1748 1670
576 1382 1431
1467 1341 1422
2430 843 1560
3883 1497 1619
2856 1715 1672
5137 1553 1639
3343 1575 1565
1494 1677 1722
3731 1373 1424
4754 1588 1577
6027 1524 1479
1908 1362 1434
2601 1424 1463
3328 1106 1723
480 1357 1417
1877 1579 1660
3204 1743 1694
2185 1628 1417
301 1482 1642
3851 1333 1417
2058 1535 1476
1136 1374 1598
5391 1598 1673
5488 1452 1624
4006 1493 1625
4472 1721 1703
4381 1690 1622
27 1336 1401
2964 1482 1644
290 1625 1413
1276 1568 1658
933 1727 1717
2985 1576 1532
440 1578 1715
2805 1709 1728
3374 1691 1623
1079 1551 1485
45 1335 1392
4850 1623 1629
2777 1516 1468
4407 1664 1616
3606 1730 1700
4926 1535 1474
64 1310 1437
4488 1567 1649
17 1741 1692
5841 1751 1677
4279 1299 1433
1353 1524 1644
6060 1656 1726
1484 1329 1415
1423 1510 1468
2526 855 1544
1778 1581 1566
5125 1689 1619
2166 1561 1545
6051 1628 1399
1968 945 1691
1939 1284 1486
6221 1721 1711
3934 1350 1403
3744 1045 1515
1298 1494 1620
5519 1346 1424
5016 1322 1442
528 875 1597
4823 856 1555
6127 1709 1623
3677 1513 1629
2858 1350 1429
1806 1287 1490
2137 1734 1659
1750 1314 1438
2687 1441 1612
580 848 1609
5328 1736 1699
5036 1634 1404
5521 1580 1658
1372 1682 1737
2245 1368 1427
3888 1550 1604
2323 1370 1443
4094 1483 1467
2630 1578 1713
3112 1370 1412
893 884 1679
228 1518 1467
5839 1633 1604
4007 1586 1565
2353 1578 1707
3464 1496 1639
5268 1609 1618
1204 1627 1633
1549 1441 1613
3802 1462 1638
2679 1595 1569
1090 1472 1638
2438 1366 1599
1664 1727 1718
757 1495 1649
3370 1715 1708
1623 1478 1471
2190 1531 1666
5617 1573 1502
5258 1342 1421
1086 1505 1632
1207 1580 1666
1186 1449 1469
236 863 1564
5219 1603 1621
3435 1527 1474
226 1501 1622
1820 1317 1441
3437 1553 1669
4425 1635 1622
2292 1305 1475
1185 1574 1588
2700 1552 1601
5263 1340 1384
4452 1339 1433
2567 1459 1631
5212 1004 1510
4166 1317 1435
5273 1503 1635
3864 1556 1648
4990 1502 1618
5458 1561 1582
2019 1745 1677
5750 1374 1446
5395 1132 1575
2513 1576 1711
1448 1727 1703
1655 1646 1611
2433 1570 1663
3540 880 1605
5145 1537 1634
2965 1747 1689
2258 1676 1720
2085 1460 1471
3262 1709 1723
4497 1687 1630
3662 1554 1623
2871 1442 1468
3804 1706 1732
4547 1538 1663
4618 1732 1647
4114 1347 1429
2507 1541 1627
862 1459 1640
3196 1631 1717
287 1704 1617
3777 922 1681
4207 897 1516
5141 850 1564
5378 1675 1724
446 1544 1652
3268 1634 1628
3275 1582 1666
5390 1461 1474
656 1748 1671
6183 1479 1469
925 1571 1591
2193 1587 1663
4236 1621 1713
3401 1487 1467
801 1574 1665
769 1741 1701
4944 1741 1698
3190 1496 1648
2249 1575 1582
1937 1639 1403
4314 1251 1554
5329 1666 1726
5736 906 1681
169 1441 1468
1430 1365 1605
1967 1622 1714
1859 1639 1630
4919 1589 1574
3335 1023 1506
5018 1680 1722
1562 1538 1660
4107 1451 1623
2404 983 1720
1214 1387 1437
259 1509 1641
704 1754 1672
6035 1267 1508
642 1263 1562
1261 1750 1663
3252 1316 1447
5614 1472 1476
2770 1522 1617
585 1642 1624
1566 1632 1616
3550 1574 1564
3019 1562 1611
3567 1412 1452
3365 1588 1687
4342 1432 1622
5040 1716 1650
1447 1347 1405
1471 1547 1647
6201 1630 1617
575 1129 1586
5501 872 1574
880 1590 1679
5466 1614 1613
4248 948 1516
1028 1468 1469
2542 1579 1675
5021 1733 1650
5831 1643 1626
5894 897 1518
3025 1579 1632
251 1484 1642
327 1634 1716
3003 1377 1442
302 1341 1593
1322 1090 1594
4211 1374 1423
970 1674 1619
4210 1623 1431
3065 1551 1648
5087 1690 1614
3199 1808 0
1192 1717 1620
3475 1413 1436
5527 848 1526
5985 1155 1592
2015 1567 1667
3339 1202 1634
2820 1360 1645
4557 1614 1726
4691 1758 1652
4825 1423 1635
894 1616 1604
1897 1620 1392
5472 1582 1624
4143 1567 1710
1533 845 1631
3774 1713 1738
4686 1617 1726
2588 1572 1676
2133 1566 1631
2241 848 1575
1046 1577 1691
1631 1483 1647
4423 1561 1666
4741 1609 1617
903 1589 1612
2206 1280 1594
3618 1601 1397
5227 1613 1728
5678 949 1513
2048 1616 1419
691 1613 1392
756 1632 1408
4274 1426 1640
5319 833 1611
4545 1564 1688
463 1383 1608
2633 1723 1637
2698 1572 1477
6109 1537 1676
156 1567 1634
686 1430 1638
5463 1607 1614
2934 1565 1456
4070 1318 1411
4970 1577 1701
3547 1045 1737
5352 1589 1561
775 832 1569
6001 1818 6
5535 1571 1610
4681 1715 1625
1293 1495 1460
2852 1722 1648
6185 1620 1604
1742 1565 1623
513 1554 1716
3793 1411 1437
3850 1442 1632
1892 1720 1736
4815 1439 1637
3810 1248 1514
5515 1600 1396
3692 1619 1394
3382 1718 1632
466 1390 1417
2140 1713 1739
2343 1575 1680
552 1677 1747
3068 1305 1456
963 1570 1484
1308 1359 1623
673 1581 1514
5789 1697 1609
887 1556 1662
3107 1704 1725
5170 1589 1478
5586 1179 1601
1042 1378 1397
5088 1367 1391
1839 1586 1614
2457 1598 1570
678 1552 1672
4170 1736 1649
1998 1700 1746
1617 1605 1615
4454 1622 1407
5638 1572 1620
1270 1746 1645
2600 1722 1637
209 1569 1617
5457 1641 1369
2491 1744 1714
804 1486 1462
4115 1582 1606
323 1082 1592
934 1560 1695
2789 1577 1508
4332 1385 1606
344 1574 1721
2625 1308 1442
4524 1369 1399
4280 1425 1634
4398 1487 1459
4360 1624 1724
5287 1618 1711
5743 838 1620
1598 1716 1735
947 1586 1483
2675 1724 1728
561 1474 1460
1622 1725 1725
2581 1752 1648
2257 1607 1749
4227 1560 1660
5304 1671 1610
739 1377 1401
1581 1259 1567
4942 1695 1614
1862 1357 1609
4035 1579 1586
4111 1578 1637
4972 1379 1407
2548 1567 1616
4110 1360 1382
5119 1344 1393
2659 1655 1736
881 1361 1609
5132 1711 1721
3513 1361 1619
2833 1644 1378
4943 1310 1461
537 1717 1638
4847 1377 1417
5936 1720 1647
5462 1428 1447
6084 1571 1619
4028 1465 1459
1265 1629 1423
6146 1605 1743
245 1116 1572
4477 802 1687
1475 840 1586
4327 1581 1683
5066 808 1696
1635 1695 1620
574 1430 1633
5436 1642 1736
5529 1377 1396
3491 1748 1642
4237 1334 1393
5792 1366 1397
2768 1586 1464
6066 1645 1740
792 1537 1681
2461 1704 1612
4991 855 1518
5650 1612 1702
2786 1629 1721
2221 1516 1464
396 1046 1500
2667 1371 1626
4418 1558 1474
357 810 1691
4522 846 1600
3122 1590 1686
4271 1570 1466
5952 1346 1392
2902 1476 1651
4008 1543 1673
1491 1761 1668
2305 798 1705
4538 1837 0
5878 1624 1734
4317 1679 1619
4164 1695 1754
1173 1660 1731
4167 1650 1618
4783 1472 1467
3976 1752 1654
455 843 1665
3479 1565 1716
4728 1732 1717
258 1552 1726
1523 1574 1463
623 1645 1407
3673 930 1689
4981 1762 1667
4224 1571 1631
48 1583 1594
4833 1562 1481
610 1461 1643
187 1384 1415
3619 1739 1648
1886 1591 1700
3330 1612 1420
5430 1760 1691
4887 1457 1457
5531 1591 1468
1100 1690 1617
1211 1668 1725
2017 1758 1695
32 1651 1616
2092 1611 1735
5618 1562 1722
3241 1560 1697
761 1469 1652
353 1761 1652
3400 1197 1600
4937 1627 1429
1550 836 1664
4242 1744 1648
5824 1325 1400
6237 1624 1401
4179 1521 1675
1323 1341 1611
1068 1620 1717
1414 1619 1407
1392 1618 1392
2116 1301 1449
3104 1492 1662
5981 1575 1720
116 1725 1728
3076 1624 1402
1558 1581 1730
4175 1562 1475
5124 863 1524
142 1583 1459
2084 1142 1559
914 1465 1458
4411 1572 1682
5641 1437 1628
4324 1610 1393
413 1570 1688
713 1441 1628
6107 1681 1617
5533 1355 1400
3221 1325 1395
2562 1719 1637
5371 1380 1609
1996 1614 1730
3625 1534 1681
30 1612 1733
1718 850 1514
953 1583 1580
4436 1644 1605
6002 1745 1647
1277 1554 1477
4446 1599 1706
3782 1062 1527
2895 1408 1628
1194 1552 1665
3918 1385 1620
1369 1400 1433
3788 1529 1671
2896 1569 1466
6013 1324 1406
3642 1526 1679
4509 1836 1
666 1473 1464
1138 1733 1722
1624 1578 1539
3231 880 1519
4987 1103 1553
1424 1622 1433
4809 1275 1593
6005 1714 1620
1433 1645 1741
1517 1341 1376
5318 1763 1691
5323 1494 1459
2931 1369 1396
3320 1741 1641
834 1678 1609
982 1645 1377
5441 1623 1395
905 1701 1741
2550 1098 1735
5384 1665 1737
1219 1579 1687
4622 1449 1455
398 1353 1371
5652 1742 1640
1387 1554 1644
1292 1769 1675
793 1770 1669
3061 1641 1602
5271 1425 1450
4735 1666 1731
5311 963 1712
2538 1610 1736
4897 1618 1403
3984 1597 1567
3617 1681 1727
4269 1585 1719
5396 1428 1614
2031 1615 1724
4082 1336 1391
1894 1577 1500
3968 1434 1621
318 1575 1718
198 1740 1723
2961 1127 1566
5630 1492 1461
5165 1185 1602
6170 1646 1398
3372 774 1721
4424 1556 1661
2141 1599 1705
3132 1340 1613
758 1722 1639
1536 1759 1649
3826 1739 1705
3037 1587 1467
4980 1538 1468
3177 1417 1440
3762 1616 1711
5731 1726 1649
1619 1617 1417
4603 1594 1706
417 1745 1710
3237 1377 1421
534 1644 1375
5648 1476 1459
223 1565 1718
1281 1576 1704
4708 929 1509
117 797 1669
937 1642 1618
4973 1634 1410
2970 846 1530
5069 1576 1464
2725 1677 1737
4218 1695 1725
5182 1120 1550
5412 1767 1674
5659 1616 1724
687 1578 1461
2038 1337 1395
1139 1175 1583
3590 1585 1714
2617 1526 1469
4689 1756 1655
4044 1657 1606
4233 1711 1729
2091 1718 1635
4296 1730 1640
747 1760 1653
3352 1710 1611
790 1637 1619
2753 833 1586
5997 1696 1607
3047 1345 1391
2498 1740 1717
66 1633 1725
3563 1382 1415
981 1272 1593
3683 1669 1748
5096 1592 1692
3791 1739 1717
1553 1571 1603
6117 1591 1627
6206 1629 1405
3852 1713 1619
4806 1570 1462
4903 1576 1498
434 1646 1605
929 806 1682
3350 1693 1728
3063 756 1693
3077 1592 1745
2584 1613 1717
3733 1674 1743
229 1573 1673
2496 1304 1452
385 1384 1626
4744 1474 1462
5032 1762 1655
248 839 1569
2535 1585 1575
4567 1648 1382
4864 1761 1695
2719 1552 1638
6121 1592 1393
4724 1369 1392
3486 1653 1593
3364 1110 1739
5785 1590 1620
2519 1615 1710
2471 1584 1718
4315 1571 1613
4458 1715 1616
1303 1400 1429
3570 1584 1733
5835 1200 1618
2894 1618 1393
5697 1353 1377
2607 1625 1713
1749 1365 1641
2929 1652 1376
5061 1389 1432
5732 1724 1645
2415 1306 1433
52 1604 1717
4217 1723 1638
5075 1520 1465
2717 1756 1666
2304 1698 1609
5123 1582 1636
4443 1366 1390
5560 1351 1608
4984 1400 1618
4363 1737 1716
3454 1327 1391
3111 1651 1738
5920 1178 1606
809 1311 1456
635 1583 1599
3092 1583 1506
97 1644 1406
3720 1343 1379
3739 1633 1406
3545 1765 1690
4335 1628 1428
4244 1591 1697
677 1593 1462
4654 1469 1467
5340 1720 1627
5490 1381 1421
275 1622 1717
4161 1693 1613
1734 1591 1693
18 1709 1613
2033 1350 1616
1972 1507 1462
4778 1076 1533
3586 1408 1443
4138 1368 1610
2767 1616 1712
4753 1649 1402
201 1578 1702
2967 1625 1596
3359 1124 1578
2968 1567 1481
6163 1296 1477
4946 1076 1528
569 1512 1462
1459 1589 1709
1773 1570 1617
5832 1627 1769
2653 1738 1707
2288 1142 1576
3216 1559 1619
4212 1740 1716
2178 1749 1699
4893 1674 1621
3889 1556 1701
2685 1469 1462
814 1762 1648
335 1383 1643
5700 1313 1409
2650 1460 1647
4736 1589 1609
3664 1586 1505
3814 1552 1482
468 1549 1475
1327 1749 1652
965 1467 1647
3759 1568 1668
5116 1580 1495
3280 1510 1461
1333 1580 1717
2203 1608 1614
1037 1563 1679
162 846 1629
3726 1174 1598
3498 1649 1375
5385 1585 1623
4959 1383 1644
1361 1562 1665
3753 1345 1387
77 1655 1610
1603 1748 1643
2818 1599 1600
1720 1195 1622
2709 1582 1628
1729 846 1630
2541 1331 1600
2551 1630 1723
2769 1734 1709
5479 1350 1603
553 1707 1612
2661 1375 1412
4663 1588 1587
1610 1582 1542
3961 1591 1485
4637 1561 1724
79 1759 1696
6061 1560 1480
232 1399 1608
3197 1557 1714
1824 1740 1719
5777 1584 1542
6211 1650 1398
3536 1530 1464
1054 1547 1676
96 1537 1668
3484 1145 1579
5276 1613 1421
6067 1615 1708
3455 1299 1439
4550 1559 1477
5949 988 1508
4134 1379 1398
3817 1347 1377
1926 1605 1745
5317 1577 1685
1567 1420 1615
6106 1612 1766
2622 1238 1526
4220 1763 1658
602 1558 1619
6091 1345 1610
4376 1469 1465
5818 1304 1451
5448 1650 1376
5752 1607 1616
4619 1480 1461
4795 1331 1372
6154 1585 1478
490 1389 1620
1135 1618 1404
4253 1299 1452
3539 770 1676
4467 1582 1463
4900 1562 1640
5862 1393 1431
4373 1339 1397
2935 1355 1410
4292 1582 1684
4303 808 1690
1341 1604 1713
3313 1581 1487
312 1718 1624
1119 1818 2
521 1345 1386
3417 1105 1563
3441 836 1553
4664 1620 1398
2427 1730 1724
482 1108 1565
4638 1569 1626
4203 1672 1609
4290 1639 1393
1863 1602 1397
3489 1309 1430
1535 1517 1676
5444 1647 1387
5498 1300 1471
4146 1433 1635
5797 1356 1609
1169 774 1686
1827 1419 1630
3338 1751 1645
1284 1581 1508
3510 1565 1689
3792 1589 1483
2754 1557 1668
2494 1387 1424
1774 1641 1428
4247 1346 1369
5858 1294 1468
2156 1613 1405
1314 1637 1596
2474 1609 1712
412 1721 1607
2317 1237 1607
1315 1574 1740
2997 823 1575
4026 1609 1425
1726 1235 1526
4061 1586 1749
3986 1314 1384
2842 1505 1669
3006 1371 1637
2216 1551 1440
3163 1324 1370
5475 1229 1535
5673 1631 1729
3466 1604 1444
1609 1140 1568
4289 1237 1579
56 1586 1391
6175 1655 1742
118 829 1634
1746 1558 1465
2875 1645 1583
3653 1570 1452
1959 1622 1769
3443 862 1523
2620 1587 1604
3088 1574 1744
2606 1774 1680
4699 1463 1451
3685 1775 1670
4390 1759 1704
4998 1449 1445
3450 1367 1385
4093 1612 1604
2395 1642 1412
3959 1390 1664
2094 1299 1605
2087 1775 1658
3821 839 1528
1819 1747 1723
1889 1755 1641
2790 1397 1649
2765 1620 1759
5545 1202 1573
3260 1723 1727
4876 916 1702
908 1620 1595
1021 1560 1435
1495 1783 1665
3964 1296 1462
5740 1152 1581
4938 1715 1745
962 1672 1740
3332 1632 1431
5901 1631 1769
4901 1601 1400
341 1401 1656
3707 1668 1600
6241 1332 1602
3448 1722 1609
3756 1401 1635
611 1398 1657
5613 1767 1691
798 1607 1563
3958 1728 1635
4455 1594 1494
3169 1559 1704
2504 1603 1443
2462 1564 1432
1940 1684 1610
931 1379 1656
1919 1739 1633
5596 1741 1633
1572 1491 1664
5568 1284 1477
1083 1753 3
3207 1588 1715
3881 1615 1742
6199 1589 1724
5592 1557 1463
6142 1777 1679
5261 1386 1409
5489 1623 1770
5737 1595 1448
3459 1600 1586
6037 1471 1455
818 1603 1747
1515 1223 1624
1078 1766 1
2791 1586 1529
4487 1594 1395
7 1656 1407
380 1708 1608
1164 1591 1721
1084 1764 1697
3183 1597 1404
3218 1842 6
5626 1727 1626
2797 1562 1468
6026 1237 1522
4173 1595 1599
2161 1800 17
5810 1604 1609
2932 1035 1498
1871 1771 1677
70 1605 1735
3083 1557 1705
1556 1581 1438
1661 1651 1367
4595 1615 1410
2437 1381 1625
6115 1650 1596
5068 1745 1720
870 1280 1434
618 1422 1648
2243 1588 1450
5327 1359 1381
6205 1590 1443
1640 1605 1581
3925 1589 1474
529 1654 1752
5246 1159 1563
296 1590 1522
4590 833 1678
5058 1340 1369
4594 1540 1680
3926 1153 1583
1512 1593 1716
4492 1577 1469
777 1599 1737
1157 1841 9
5105 1398 1429
1499 1602 1412
1449 1285 1452
3281 1705 1610
2057 1036 1501
1045 1391 1644
3312 1459 1447
662 1594 1720
1736 1592 1777
4058 1625 1768
437 1708 1752
2138 1595 1773
2468 1738 1635
3729 1600 1784
4321 1290 1443
1850 1276 1441
3885 1668 1400
2276 1634 1431
3446 1309 1394
311 1774 1646
651 1585 1753
1041 1308 1397
2658 1558 1707
926 1642 1358
5449 1576 1468
5778 1603 1565
6059 1771 1642
4696 1670 1589
4192 1642 1369
3035 1693 1606
1099 1292 1420
401 863 1710
2069 1584 1751
5177 1598 1402
1869 1602 1593
4732 815 1672
104 1599 1604
266 1445 1451
1789 1774 1676
3134 1587 1529
3867 1755 1704
1273 1583 1607
1534 1639 1429
5368 1702 1758
5780 1772 1658
6007 1643 1430
2025 1599 1749
1856 1773 1681
3282 1131 1533
376 1417 1642
4127 1047 1511
2742 1588 1556
1529 1658 1742
1404 1853 11
1435 1570 1434
3385 1761 1700
4759 1589 1769
1611 1358 1621
742 1553 1707
4645 1497 1456
5139 1719 1621
6038 1598 1447
1058 1601 1571
4668 1026 1500
3577 1605 1560
4940 1598 1467
1197 1596 1555
3776 1395 1666
4498 1821 10
1905 1605 1407
545 1590 1596
3979 1633 1421
5577 1590 1591
3492 1359 1367
2103 1774 1679
851 1600 1415
5109 1735 1728
6229 1757 1712
3447 837 1537
6050 1575 1452
6102 1728 1622
1740 1483 1661
2064 1685 1597
4219 1387 1403
5497 1455 1454
3198 1080 1537
2930 1402 1637
5593 897 1699
1654 1597 1566
5004 1354 1366
5523 1746 1720
4983 1456 1445
1251 1634 1417
714 1771 1657
6233 1547 1701
6187 1551 1724
728 1364 1383
3136 1336 1370
4956 1469 1459
370 1611 1790
5262 1585 1450
2000 1381 1616
3834 1599 1447
3950 1765 1712
681 1709 1743
2927 1596 1475
68 1613 1755
1301 1658 1396
2776 1563 1433
6140 1550 1691
3395 1585 1493
1218 1562 1434
5966 1732 1634
5353 1664 1586
1006 1671 1597
3340 1498 1455
1629 1527 1453
4879 1697 1759
2225 1591 1748
3010 1667 1398
1497 1607 1404
4051 1592 1721
5303 1753 1702
3402 1429 1440
5748 983 1501
4302 1048 1520
1772 1557 1732
1994 1581 1436
4193 1766 1644
5334 1611 1781
2410 1632 1423
5167 1504 1456
1033 1185 1582
4336 1287 1438
1930 1598 1407
5291 1586 1535
1457 1640 1417
2695 1641 1600
4536 1713 1609
3080 1589 1507
4496 1731 1630
3295 1715 1740
2088 1657 1393
3017 1751 1641
6145 1822 7
2572 913 1499
5286 1379 1400
1264 1659 1591
364 1600 1560
4249 1042 1497
1096 1239 1519
4541 1597 1742
5856 1157 1564
1059 1451 1451
2598 1581 1427
3535 1725 1636
1831 1645 1412
1400 1589 1727
428 1605 1584
1708 1705 9
31 1417 1436
1645 1609 1413
2515 1379 1389
4626 1433 1651
6242 1597 1751
2854 1523 1462
5205 1230 1535
6169 1755 1718
3140 1642 1749
4191 1490 1449
1644 1603 1415
2266 1774 1651
3039 1550 1699
2575 1502 1671
2913 1616 1735
5344 1641 1362
2270 1645 1364
2298 1595 1499
5375 1483 1664
4020 1601 1471
2868 1596 1562
1208 1166 1679
5865 1660 1740
386 1326 1380
871 1551 1713
5082 1381 1394
6176 1522 1455
3558 1686 1750
5579 1768 1644
3482 844 1710
4548 1673 1754
6125 1430 1451
915 952 1510
2566 1604 1584
1177 1368 1635
6110 1581 1603
5793 1646 1586
2338 1604 1603
1235 1588 1530
4122 1579 1740
4924 1594 1554
5528 1319 1393
3467 1563 1431
4490 1744 1634
1683 1267 1490
3440 1598 1585
3477 1469 1456
1883 1850 5
5131 1762 3
1357 1765 1648
4493 1625 1773
1256 1321 1375
3948 1259 1595
5037 1659 1592
313 1604 1613
4343 1585 1608
732 1601 1442
3931 1596 1597
2718 1692 1604
1602 1493 1449
2055 1338 1368
3324 1400 1629
6173 1601 1596
5601 1606 1729
5747 1585 1604
5451 1602 1736
1745 825 1586
3329 1285 1439
1855 1440 1445
4251 1583 1621
649 1597 1615
5076 1718 1612
3287 1595 1411
1190 1598 1547
2273 1784 1667
2943 1567 1785
784 1596 1449
4427 814 1654
5632 1601 1575
3418 1561 1739
4437 1682 1607
622 1500 1669
984 1378 1383
1274 1508 1449
2641 1525 1684
5073 1773 1677
6101 1721 1729
3612 1603 1590
1660 1563 1468
2265 1152 1586
1407 1641 1430
2229 1592 1604
1141 1628 1438
2730 1390 1411
6097 1289 1438
1114 1556 1470
41 1848 5
1269 1721 1608
1690 1553 1699
4415 1582 1757
2261 1211 1607
2597 1747 1718
2799 1768 1661
4855 1555 1444
1518 1556 1675
1803 1599 1586
216 1594 1396
4693 1569 1471
3167 1547 1722
5738 1548 1713
3234 1584 1775
3752 1610 1435
5435 1618 1759
2434 1723 1733
4331 1728 1727
4740 1487 1451
86 1606 1740
3309 1421 1426
100 1617 1437
964 1591 1496
3366 1600 1618
3354 1407 1435
63 1670 1749
2635 1548 1714
4734 822 1563
4849 1295 1608
655 1777 1667
171 1599 1413
374 1047 1517
5346 1644 1414
2418 1611 1743
4896 1649 1365
6086 1598 1583
4 1096 1558
3416 1552 1696
3004 1616 1753
5414 1607 1611
1564 1673 1597
3427 1563 1737
4747 1655 1592
5382 1658 1391
2917 1683 1597
4599 1558 1676
1236 1714 1742
4726 1553 1468
5020 1579 1440
2547 1596 1617
5838 1558 1672
445 1234 1570
604 1431 1450
5879 823 1720
1612 794 1655
1650 1549 1460
1586 1693 1605
997 1420 1427
5026 1555 1703
5008 1709 1605
2555 1721 1602
47 1609 1750
5387 820 1564
3884 1234 1532
4961 1602 1556
5097 1306 1397
4491 1554 1703
5420 1656 1372
2062 1416 1437
1818 1552 1694
4964 1247 1607
2549 1750 1723
4386 1591 1590
1885 1597 1611
1539 1778 1667
5768 1717 1613
222 1776 1701
1421 1602 1740
3973 1646 1362
4344 1674 1587
2885 1656 1404
3154 1707 7
4635 1018 1499
1857 1601 1744
4731 1760 1646
2563 1599 1741
1022 1408 1649
2677 1310 1396
4169 1700 1609
5574 1583 1774
5784 1240 1589
2073 1352 1617
3870 1607 1564
665 1362 1377
4126 1299 1459
4064 1420 1645
5615 1775 1652
5766 1056 1508
2475 1613 1787
1916 1780 1676
2710 1686 1756
274 1584 1537
4459 1589 1453
1439 1560 1433
2348 1593 1449
2131 1627 1744
227 1591 1732
2390 1642 1422
4178 1388 1412
808 1648 1371
526 1727 1740
1957 1591 1503
6083 1613 1596
4264 1618 1729
6069 1722 1741
4766 1653 1378
3346 1617 1404
487 1588 1753
1389 1720 1620
2042 1553 1714
5823 1772 1642
12 1583 1776
2682 1601 1761
4362 1578 1758
1606 1638 1419
215 1619 1758
5322 1261 1498
985 1596 1478
3105 1770 1641
5934 1606 1773
1105 1588 1441
3669 1590 1533
5179 1389 1407
3002 818 1561
1066 1551 1458
5171 1692 1750
3413 1766 1681
138 1773 1705
3595 1582 1457
4096 1395 1627
6014 1587 1550
835 1397 1641
1156 1771 1644
1331 858 1506
2766 1600 1562
3060 1759 1698
3341 1767 1662
3604 933 1710
3754 1541 1466
5093 1398 1639
5553 1563 1445
303 1514 1452
2402 1767 1640
2479 1599 1792
3828 1336 1366
3861 1665 1601
2832 1388 1625
4918 1745 1724
5251 1669 1738
289 1600 1761
2880 1702 1609
3123 1591 1592
5465 1765 1686
394 1677 1762
1825 1131 1561
2315 1405 1438
4834 1465 1662
945 1772 4
2408 1769 1710
1007 1579 1784
2282 1661 1772
2702 1430 1655
3386 812 1608
3858 1608 1484
4328 1628 1378
73 1647 1568
470 1589 1796
1451 1751 1506
2204 1264 1487
2920 1753 1455
3648 1687 1584
1599 1361 1631
1966 1782 1680
2678 1660 1379
5633 1727 1612
628 853 1736
1990 1271 1459
4120 1719 1594
5644 1737 1741
5937 1726 1531
1727 1716 1593
2196 1674 1583
3499 1733 1623
4552 1734 1511
5267 1367 1659
5769 1475 1451
897 1742 1516
1878 1731 1508
4262 1596 1516
5836 1606 1428
6003 1613 1449
2670 1369 1367
3593 1596 1538
3998 1583 1394
4805 1772 1699
5240 1141 1527
5343 1619 1563
5721 1770 1700
1203 1631 1575
2481 1751 1636
4190 1714 1603
5232 1612 1577
508 1546 1440
566 1658 1411
817 1029 1498
1024 1621 1389
1112 1775 1715
1561 1380 1280
2188 1829 25
2697 1615 1491
3150 1349 1357
3708 1682 1589
6089 1331 1363
83 1369 1372
548 1434 1656
1794 1874 1
3094 1388 1271
3480 810 1593
6152 1637 1584
639 1359 1659
912 1765 1638
2672 1727 1507
3825 1788 1690
5376 1583 1430
3859 1596 1459
4575 1732 1437
5639 1632 1565
789 1662 1744
3508 1223 1230
3651 1640 1437
5102 1732 1529
5953 736 1691
2275 1714 1597
3172 812 1637
3421 1654 1578
4206 1734 1440
4672 1607 1431
5714 1154 1536
5803 1448 1653
1925 1741 1502
4341 1671 1578
4752 1155 1518
5507 1577 1789
5719 1195 1564
1161 1578 1401
1416 1731 1618
1504 1148 1531
1530 1604 1434
2716 1651 1585
3383 1584 1415
4824 1732 1449
4957 1602 1536
4977 1627 1380
5741 1594 1411
6077 1509 1691
1815 1520 1688
2152 1445 1661
2383 1661 1566
2624 1538 1456
2971 1625 1447
5715 1309 1382
5984 1378 1375
108 1547 1732
1426 1637 1371
1934 1477 1442
2098 1314 1379
3808 1621 1748
4136 1709 1755
6224 1783 1652
2325 1744 1449
3514 1207 1229
5248 1750 1635
5370 1240 1611
4066 1749 1510
4712 1541 1456
5494 1245 1244
5873 1609 1373
1455 1718 1746
2217 1758 1457
2614 1344 1364
2827 1528 1447
3803 1753 1723
4802 1460 1653
4874 1231 1620
1753 1773 1710
3423 797 1656
3938 1652 1417
5190 1674 1394
6040 1674 1415
167 1750 1506
1263 1611 1449
2219 1696 1583
3573 1761 1706
3646 1361 1634
4457 1752 1440
2022 1590 1530
2172 1633 1386
2845 1791 1472
6141 1638 1439
369 1628 1379
1409 1393 1276
3955 1711 1751
4818 1415 1425
1788 841 1516
2359 1335 1360
3174 1725 1732
5432 1606 1373
450 1447 1437
3942 1352 1362
4099 1702 1588
5830 1728 1615
2745 1606 1437
3511 1580 1393
5425 1380 1374
5692 1638 1378
2060 1864 14
2255 1665 1571
2400 1231 1593
3031 1295 1407
3649 1108 1527
3755 1594 1528
5725 1283 1458
4319 1346 1362
6049 1772 1690
472 1601 1544
2651 1646 1581
878 1565 1425
1542 1714 1749
1810 1715 1750
3254 1547 1436
3686 1566 1419
349 1603 1491
1829 1574 1760
2403 1578 1436
4563 1616 1461
4612 1755 1441
5829 1745 1453
1118 1672 1396
3027 1602 1791
4553 1632 1743
4962 1684 1764
5962 1318 1367
799 1681 1760
3597 1738 1440
3954 1760 1718
1329 1638 1433
4482 1596 1533
395 1711 1760
2239 1364 1636
2495 1783 1459
3342 817 1564
5585 1223 1524
1401 1784 1469
5455 1428 1421
5887 1665 1403
184 1743 1459
321 1756 1462
1560 1601 1549
1846 1576 1431
2263 1752 1729
2440 1744 1461
2569 811 1605
2657 1741 1737
2683 1722 1508
3737 1668 1415
4260 1221 1236
4604 1737 1443
4634 1247 1508
4669 1654 1756
5292 1786 1662
567 1305 1604
1202 1573 1439
2589 1737 1469
3580 1612 1462
4241 1238 1623
4516 1739 1440
4610 1637 1583
6139 1347 1359
999 1116 1530
1130 1551 1455
2335 1777 1681
3202 1275 1484
3414 1271 1431
549 1734 1441
1427 1532 1458
1621 1632 1379
2740 1778 1709
2794 1587 1787
3038 1725 1602
4518 1469 1441
5591 1437 1445
271 1231 1249
1358 1721 1498
1454 1777 1708
2972 1734 1611
3589 1139 1520
8 1279 1457
29 1384 1290
1463 1727 1606
4837 1740 1466
1570 1457 1657
2256 1672 1760
3700 1433 1446
5011 923 1709
272 803 1672
1551 1542 1434
1638 1651 1773
3667 1605 1455
4075 1625 1785
4299 1604 1794
4674 1730 1509
5115 1358 1640
502 1745 1741
2313 1384 1285
2363 1573 1440
4399 1523 1693
4412 1767 1639
1151 1690 1767
1411 1315 1606
2727 1437 1446
3571 1299 1388
4284 1581 1413
4378 1705 1760
5722 1657 1755
616 836 1522
1961 1556 1454
1962 1756 1729
4729 1611 1554
5348 1294 1404
497 1753 1444
1040 1735 1503
1988 1607 1436
3904 1695 1762
4593 1576 1791
5619 1591 1414
5877 1626 1559
624 1631 1390
4430 1784 1689
5431 1661 1570
212 1710 1757
865 1515 1450
3321 1573 1761
3501 1278 1479
3876 1593 1513
3914 1744 1508
4141 1534 1695
4639 1576 1761
107 1631 1577
4150 1617 1380
4447 1306 1389
5161 1154 1520
5377 1619 1755
627 1656 1366
2046 1595 1434
4656 1611 1583
5140 1788 9
786 1520 1446
1399 1635 1435
2804 806 1596
3728 1698 1586
4027 1669 1575
932 1152 1516
1206 1749 1454
1289 1344 1362
1342 1661 1385
4403 1530 1449
4526 1631 1438
531 1770 1712
674 1750 1463
995 1671 1414
3223 1540 1687
4162 1631 1437
322 1663 1379
716 1458 1437
772 1626 1740
2802 1552 1731
3839 1620 1445
4201 1652 1578
4414 1764 1639
4442 1788 1471
4963 1613 1473
2470 1321 1609
3246 1741 1513
3424 1522 1693
4895 1356 1362
6188 1560 1761
958 1654 1759
1250 1777 1642
2150 1649 1420
2860 1382 1275
3072 1645 1568
4510 1585 1417
6071 790 1754
1840 1276 1479
2291 1713 1758
3599 1612 1492
4648 1662 1380
5213 1669 1571
5693 1671 1773
203 1616 1579
1266 1609 1564
2008 1245 1506
2290 1536 1459
2632 1591 1532
3470 1348 1359
4786 1612 1561
5162 1615 1580
5883 1562 1451
430 1526 1448
1826 1750 1729
2636 1168 1531
3844 821 1666
285 1758 1451
670 1631 1381
1231 1784 1695
1275 816 1609
2505 1327 1366
3488 1596 1431
3531 1215 1238
4400 1258 1497
4821 1627 1583
5083 1738 1506
5474 1677 1399
6044 1741 1445
5 1670 1394
81 1658 1380
125 1751 1439
1166 1569 1762
2154 1386 1281
2599 1616 1450
2706 1734 1498
3564 1297 1396
4086 1558 1430
4958 1738 1500
149 1300 1394
291 1699 1588
540 1278 1427
1699 1632 1782
3572 1600 1463
3632 1610 1476
4068 1326 1367
4499 1736 1494
4804 1731 1620
1381 1774 1706
1898 1735 1498
1997 1594 1428
2552 1641 1354
3871 1530 1446
4273 1578 1761
5812 1621 1747
695 1410 1427
1087 1457 1648
1364 1752 1504
1816 1633 1373
3096 1175 1530
5234 1580 1434
231 1555 1759
254 1685 1583
4647 1376 1665
791 1607 1463
2165 1253 1502
3062 1786 1654
5663 1268 1612
6073 1677 1772
3211 1285 1471
4857 1697 1587
5158 1273 1462
6164 1616 1465
4617 1237 1586
158 1301 1404
1951 1594 1418
2366 1393 1270
3299 1682 1755
1122 1612 1793
1320 1737 1626
2511 1597 1498
2738 1290 1411
3227 1547 1457
3399 1272 1481
4777 1400 1417
989 1736 1625
1787 833 1523
3018 1394 1419
3304 1626 1758
4176 1600 1433
4871 1387 1272
5509 1599 1487
5640 1618 1787
404 1440 1660
927 1654 1565
1395 1595 1495
2798 1562 1425
3143 1578 1437
4188 1729 1533
6230 1728 1731
923 1364 1658
3195 1220 1239
3300 821 1544
4572 1224 1579
5606 1735 1617
645 1657 1422
2300 1757 1723
4535 1608 1456
5423 1303 1390
122 1291 1408
134 1772 7
191 1357 1660
500 1751 1451
1836 1774 1709
3935 1635 1432
4213 1307 1386
208 1287 1425
3460 1634 1377
4226 1441 1650
917 1219 1606
1242 1667 1381
2024 815 1564
2703 1414 1664
4023 880 1510
2043 1715 1600
3239 1642 1436
3451 1374 1661
4549 1625 1361
5045 1738 1454
5189 1780 1650
768 1154 1557
1470 812 1604
1548 1299 1405
2439 1744 1444
3568 1742 1449
3626 1583 1392
4581 1601 1486
4640 1770 1710
5325 1670 1767
1677 796 1748
1766 1622 1443
2785 1733 1599
3598 1722 1509
4268 1614 1759
5442 760 1714
2139 1734 1442
2652 1433 1660
3561 1622 1386
4037 814 1559
4183 1318 1366
4479 1593 1518
584 824 1539
1011 1748 1737
2191 1646 1567
5625 1652 1747
920 1781 1659
2199 1502 1679
2892 1091 1530
3279 1222 1554
3322 1521 1688
4564 1625 1557
5111 1381 1640
832 1377 1378
2808 1363 1365
1062 1276 1450
3438 1787 1663
3502 1663 1763
4171 1642 1437
4285 1369 1366
5358 1574 1789
1768 1628 1381
2405 1778 1665
2840 818 1557
4230 1168 1563
4312 1387 1270
5464 1786 1467
175 1654 1758
4101 1648 1427
966 1663 1416
1514 976 1501
1636 1788 1470
2924 1648 1754
3217 1520 1691
2819 1216 1236
4606 1579 1393
5299 1401 1420
810 1561 1446
1285 1786 1678
2399 1546 1690
4031 1539 1447
5357 1665 1756
5681 1608 1373
2387 1777 1698
3051 875 1712
4788 865 1729
853 1618 1469
1170 1660 1577
1977 980 1498
991 781 1654
1391 865 1510
2184 1561 1448
2986 1614 1765
3602 1723 1602
34 1692 1594
571 1700 1592
3128 1562 1428
4209 1571 1417
4608 1352 1357
1019 1593 1408
2536 1254 1494
3149 1645 1563
4630 1634 1369
263 1631 1587
2375 1725 1508
2539 1764 1705
5610 1360 1363
511 1760 1455
2714 1644 1751
3807 1714 1589
4947 1614 1791
5733 1267 1449
1344 1149 1555
1704 1307 1377
4346 1525 1692
182 1723 1528
3972 1664 1767
6009 1718 1600
475 1392 1275
1150 1616 1764
1682 1684 1755
2036 1752 1640
3220 1685 1769
3569 1350 1365
4771 1215 1223
5015 1558 1451
5544 1603 1549
5986 1114 1530
6065 1629 1366
270 1533 1444
781 1729 1621
1595 1547 1731
2976 1587 1424
4234 1191 1559
795 1583 1404
924 1702 1594
1396 1612 1380
2784 1732 1735
4471 1722 1507
330 1147 1512
2013 1733 1605
2132 957 1504
2828 1603 1459
3620 1277 1465
5281 1737 1728
2545 1614 1492
3679 1770 1444
3682 1633 1745
3787 1626 1366
368 1713 1588
2520 1771 1444
3721 1682 1769
5422 1751 1726
505 1620 1587
744 1617 1384
973 1411 1665
1014 1613 1450
4046 1640 1580
4394 1286 1410
5794 1733 1514
5919 1617 1576
442 1640 1779
2691 1614 1562
5154 1603 1432
145 1743 1441
1473 1713 1599
6093 1275 1458
6159 1272 1468
1 1217 1236
621 1583 1399
949 1739 1732
1212 1873 4
1918 1568 1420
3730 1395 1409
3905 1541 1451
5060 1669 1401
5558 1639 1375
633 1295 1393
1217 879 1508
1233 1668 1383
2811 1630 1433
3688 1676 1585
5787 1756 1441
89 1490 1672
1035 1536 1692
2322 1561 1760
3056 1780 1657
3245 1278 1447
4300 1366 1365
4676 1741 1457
5270 1745 1450
1585 1610 1585
5645 1623 1440
6166 1644 1747
213 1781 1646
473 1778 1691
650 1661 1743
5846 1385 1309
1031 1556 1789
2571 1769 1445
3066 1750 1518
153 1374 1273
1117 1643 1571
1432 1725 1418
2849 1406 1675
4801 1547 1797
4909 282 1904
5708 1797 1504
2061 1790 1699
3610 1722 1453
5897 1789 1448
148 1783 1634
262 1767 1484
308 1751 1521
452 1618 1489
1200 1174 1556
2645 1802 1487
3118 1809 1464
3526 1616 1540
4546 1575 1805
518 1375 1269
693 1580 1814
2591 1796 1494
3615 1745 1588
4533 1645 1350
6171 1755 1509
1417 1380 1270
3126 1646 1336
3833 1768 1466
4196 1255 1485
4391 1885 24
612 1223 1227
5133 1638 1441
773 1218 1405
952 1732 1586
3284 1237 1250
4494 1796 1646
2534 1492 1437
3698 1754 1437
4862 1639 1361
4953 1461 1180
5975 1582 1798
474 1678 1424
565 1771 1716
986 1790 1461
1013 1737 1428
4222 1479 1673
6144 1770 1729
2732 1618 1382
3298 1724 1588
4369 1744 1484
6219 1799 1655
703 1631 1441
826 1629 1468
886 1639 1565
2595 1712 1535
4102 1482 1672
252 987 1751
2369 1759 1477
2397 1729 1536
2066 1716 1434
2326 1213 1406
3463 1719 1432
4792 1699 1580
5203 1232 1094
5243 1783 1718
2050 1213 1239
4232 1592 1371
4322 1630 1378
4432 1529 1694
4707 1793 1662
5231 1449 1417
1095 1799 1637
1600 1695 1575
1730 1183 1164
2565 1734 1518
3699 1813 1462
824 1710 1446
2393 1234 1248
5881 1233 1226
1359 1765 1636
2543 1890 4
4392 1830 22
1575 1242 1497
1821 1257 1225
2169 1610 1383
2254 1700 1575
4705 1748 14
5001 1195 1242
141 1734 1446
1010 1661 1365
2888 1721 1588
3127 1747 1589
4506 1391 1381
5827 1760 1729
1587 1640 1446
2108 1776 1715
2990 1490 1445
3323 1783 1473
4380 1696 17
4851 1358 1663
5250 1752 1436
5309 1249 1496
2649 1741 1477
2962 1288 1391
1376 1697 1576
1569 1256 1398
1811 1089 1509
2296 1269 1383
2510 1014 1493
4045 1656 1430
4782 1762 1459
5476 1728 1517
1973 734 1671
4746 1203 1150
5932 1836 25
724 1768 1436
811 1627 1572
1038 1622 1469
5496 1717 1522
992 836 1510
2213 843 1505
3557 1685 1410
4065 1249 1490
5289 1730 1536
5654 1539 1436
3516 1718 1540
4799 1803 1460
5469 1799 1640
427 1507 1443
1519 1392 1291
2003 1184 1666
4748 1633 1355
5514 275 1908
5922 1606 1362
373 1753 1433
1489 1648 1348
4596 1789 1711
5034 1233 1512
5542 1222 1217
235 1618 1356
267 1724 1443
426 1786 1448
813 1207 1151
2168 1401 1398
2937 1629 1471
3549 1744 1486
3766 1852 24
1721 1555 1801
3767 1713 1460
4016 1272 1248
4195 1791 1462
4441 1741 1473
5224 1555 1746
5581 1799 1473
5611 1771 1724
6179 1492 1444
1911 1796 1486
2081 1650 1762
3481 1640 1567
3991 1625 1575
1626 1280 1398
1667 1687 1773
2345 1712 1517
4605 1640 1358
4489 1650 1359
5772 1224 1234
72 1794 1657
573 1673 1580
2580 1782 1452
4832 1717 1447
5089 1399 1280
277 1631 1353
2083 1533 1711
2441 1610 1368
2631 1804 1484
3375 1745 1496
4571 1246 1255
172 1304 1367
2332 1757 1504
2801 1759 1519
3716 1395 1676
4419 1209 1216
4607 1781 1717
5999 1196 1216
3953 1276 1241
4239 1645 1774
2211 1234 1402
2537 1402 1266
3694 1677 1397
179 1692 1775
1408 1722 1477
5211 802 1542
946 1511 1446
1410 1567 1416
4408 1768 1440
4565 1530 1705
4773 1242 1258
432 1682 1577
560 1729 1482
3627 1494 1440
4032 1312 1363
5112 1434 1437
5280 1617 1546
5547 1668 1359
5723 1793 18
5870 1634 1793
5963 1198 1658
1398 1769 1472
950 1790 1711
1672 1732 0
2347 1554 1793
3473 1627 1352
3794 1186 1172
5013 1441 1663
5072 1219 1247
5253 1422 1667
715 1600 1510
1643 1790 1446
1765 1250 1398
1922 1250 1220
4930 1459 1432
82 1557 1422
720 1728 1438
1081 1698 8
1823 1425 1429
3048 1212 1214
257 1644 1157
260 1728 1523
1757 1204 1224
1913 1287 1415
2018 784 1640
2448 1642 1337
5242 809 1551
5255 1648 1777
65 1229 1245
292 1762 9
2445 1473 1439
436 1220 1589
921 1744 1501
1167 1686 1421
1559 1629 1790
1003 1371 1286
2715 1209 1212
4433 1531 1709
5134 1177 1520
3949 1570 1406
4566 1600 1375
237 1767 1727
1351 1775 1471
3445 1597 1504
3921 1793 1653
1634 1716 1579
2898 1637 1453
3862 1208 1234
3874 1639 1574
5735 1776 1635
351 1750 1520
1579 1793 1490
3960 1656 1427
4722 1601 1515
882 1532 1700
1378 1601 1365
2324 1207 1550
2681 1652 1434
3069 1758 1634
4117 1397 1685
762 1751 1485
1521 1652 1775
1952 1621 1787
3661 1782 1720
3847 1721 1446
5099 1626 1803
5347 801 1576
6126 1796 1661
6236 1351 1663
873 1407 1272
1642 1518 1438
4294 1374 1365
1229 1402 1286
4570 1742 1437
5142 1199 1165
298 1783 16
348 1607 1487
846 1774 1726
5005 1749 1482
5806 1790 1450
6120 1734 1522
365 281 1904
3388 1723 1439
2311 1671 1405
4434 1677 1565
5990 1629 1440
120 1400 1398
3091 1463 1435
5629 1488 1443
6193 1239 1509
2423 1767 1725
2480 1580 1804
2721 1637 1571
3261 1709 1447
4449 1776 1491
5401 1385 1297
5959 1062 1500
147 1798 1657
503 1628 1786
2882 1711 1436
3170 1673 1402
4791 1383 1292
5765 1402 1284
6123 1759 1523
1799 1734 1421
2751 1233 1208
3070 1236 1250
4286 1769 1484
5106 1400 1280
6231 1614 1383
620 1285 1412
1093 1243 1216
1154 1203 1233
2586 1802 1461
3854 1758 1514
4798 1665 1559
3219 1708 1534
3293 1314 1369
4112 1208 1238
6029 1069 1507
293 1793 1649
748 1529 1703
2638 1790 1649
2933 1751 1432
3456 1747 1437
3725 1612 1363
5052 1226 1110
586 1192 1164
1162 1600 1512
1804 1680 1571
4266 1248 1491
1030 287 1906
3796 1758 1510
4925 1841 20
5023 1670 1423
5027 1654 1444
6168 1591 1370
617 1481 1442
1775 1719 1465
1984 1630 1350
3131 1268 1418
4845 1610 1502
730 1733 1525
1123 1275 1238
3050 1723 1480
3652 1727 1476
5062 1722 1433
5164 1606 1531
5186 1626 1574
5447 1788 1443
5712 1389 1311
94 1719 1446
1354 1735 1530
1356 1759 1469
2049 1595 1520
4410 1782 1717
5649 1418 1171
841 1721 1540
1780 1780 1715
3892 1783 1635
152 785 1643
4587 1747 1488
5017 1775 1451
4819 1448 1419
4843 1787 1664
5888 1611 1370
667 1645 1560
829 1365 1671
3674 1803 1450
3678 1728 1475
5760 1716 1514
415 1622 1350
546 1588 1801
664 1918 5
1178 1383 1301
2411 1403 1268
3842 1548 1773
4021 1760 1466
4054 1199 1166
5033 1272 1472
5202 1390 1282
414 1758 1731
2068 1742 1620
2333 1625 1795
2506 1591 1378
3797 1704 1435
4484 1286 1415
4853 1219 1222
5666 1880 11
6202 1224 1397
5454 1731 1447
948 1641 1795
2299 1333 1621
2522 1755 1520
4592 1168 1515
4949 1604 1380
5206 1210 1241
5264 1620 1562
5285 1785 1458
5470 1195 1164
1126 1234 1504
2889 1740 1523
3835 1727 1458
4025 1400 1263
4240 1564 1409
5954 1557 1771
827 1798 1473
1039 1731 1493
1291 802 1563
3806 1591 1801
4838 1464 1434
183 1227 1260
355 1610 1372
998 1232 1225
1082 1604 1358
3358 1393 1266
3813 1728 1464
4121 1677 1401
4662 1423 1423
5288 1765 1453
6048 1627 1349
4316 1163 1511
5321 1632 1549
5813 1247 1226
5996 1231 1228
1437 1743 1480
1697 1780 1439
5706 1715 1443
154 1752 1522
2053 1465 1439
5931 1784 1704
6245 1672 1570
849 1232 1227
1662 1683 1570
3054 1229 1213
3696 1478 1432
3809 1214 1397
4631 1705 1583
706 1739 1491
1370 1786 1702
1835 1223 1509
3601 1751 1519
4313 1646 1770
4478 1396 1285
5487 1205 1242
5500 1644 1775
5634 1595 1381
1205 1207 1235
2728 1215 1257
3717 1789 1456
5400 1626 1577
5993 833 1514
6210 1790 1671
974 1361 1662
4716 1698 1573
5239 1693 4
5911 1651 1429
568 1772 1480
646 1435 1433
1055 1649 1553
3238 285 1905
3616 1782 1631
4128 1284 1417
4165 1296 1380
4706 1790 1646
5181 1664 1370
5647 1499 1437
1419 1662 1783
1456 1799 1487
1709 1180 1553
2126 1593 1381
3608 1206 1215
4153 1196 1226
4396 1666 1774
5156 1244 1494
342 759 1667
559 1727 1418
654 1707 1444
752 1731 1539
1461 1252 1426
1715 1667 1430
1716 1680 1409
2070 1734 1517
2556 1190 1166
3138 1794 1641
4955 1747 1613
1234 1156 1510
3745 1630 1557
4641 1220 1222
5341 1182 1178
74 1666 1412
844 1628 1350
1936 1613 1550
4043 1625 1357
433 1802 1496
4426 1755 1731
2272 1755 1491
4375 1401 1679
5991 832 1519
1182 1713 1582
4083 1551 1796
5360 1614 1388
5843 1718 1508
39 1188 1171
1443 1670 1565
2684 1396 1396
3778 1727 1456
4160 1311 1363
5411 1556 1753
1077 1641 1343
1954 1723 1479
2863 1233 1252
3462 1645 1572
4355 1373 1292
4383 1655 1436
5059 1246 1238
5552 1672 1563
2197 1373 1301
4975 1552 1419
5410 1214 1265
5539 1572 1771
6151 1774 1445
3173 1795 1492
4372 1298 1386
4982 1290 1402
5175 1802 1483
5680 1756 1433
304 1484 1443
448 1805 1452
1363 1384 1314
3614 1669 1564
4960 1745 1616
5086 1259 1414
493 1732 1487
1748 1790 1654
5992 1749 1446
692 1647 1549
1927 1754 1522
2153 1790 1695
2269 1263 1409
2583 1816 23
2756 1668 1427
2941 1553 1746
3761 1629 1353
1098 1185 1172
4287 1781 1465
1526 1649 1426
1890 1757 1486
2460 1765 1480
4719 1735 1526
5012 1620 1552
5459 1272 1366
2626 1552 1765
2711 1559 1415
2923 1639 1452
3719 1722 1588
3738 1519 1437
1402 1596 1359
1731 1723 1587
2143 1617 1359
2904 294 1907
2977 1706 1578
5746 1793 1497
593 1610 1482
1115 1422 1428
2136 1748 1486
2486 1210 1238
2521 1646 1342
6082 1194 1169
2001 1557 1414
3429 1751 12
5817 1447 1414
5837 1781 1471
5951 1650 1435
591 1720 1456
2198 1725 1543
3970 1467 1437
3206 1814 19
4562 1616 1794
4578 1629 1342
5019 1648 1356
1843 1182 1166
1929 741 1681
84 1184 1170
1258 1702 1439
3278 1707 1531
3908 1606 1489
4187 1630 1369
438 1708 1590
504 1501 1440
4042 1458 1430
2182 1674 1417
185 1704 1442
3529 1628 1546
3705 1702 1583
4585 775 1645
4643 1384 1313
4813 1625 1572
5404 1775 1472
5968 1181 1169
1027 1647 1357
3780 1220 1245
4761 1204 1152
4772 1552 1754
5646 1796 1657
389 1249 1250
2469 1608 1488
2936 1608 1387
3500 1225 1116
3585 1195 1215
225 1741 1734
2052 1833 30
2810 1803 1492
3710 1615 1538
5679 1233 1249
3528 1767 1446
4103 1645 1156
770 1265 1418
2464 1559 1411
5682 1697 1770
5821 1795 1626
4379 1386 1382
5149 1265 1456
5277 1668 1369
5637 1255 1251
5041 1809 1460
3303 1729 1589
4060 1347 1656
4177 1223 1225
4614 1273 1378
2175 1537 1435
2316 1695 1773
2483 1754 1478
2813 1725 1541
3308 1730 1743
557 1197 1149
583 1231 1231
1785 1468 1443
2412 1808 1455
1070 1647 1443
2388 1423 1429
3008 1213 1401
3915 1252 1235
4334 1639 1445
4976 1626 1792
754 1212 1253
3628 1653 1429
4109 1735 1476
6208 1180 1158
6220 1796 1458
4994 1763 1480
3305 1404 1677
3894 1788 1696
4620 1192 1221
5188 1599 1508
5627 1590 1370
496 1597 1523
1172 1630 1779
3253 1181 1170
3827 1780 1689
4820 1294 1383
1018 1616 1553
3392 1427 1429
3928 1753 1519
4118 1781 1478
1153 1752 1521
1246 1758 1523
2792 1549 1739
2796 1624 1472
4013 1764 1725
5393 1688 11
3205 1745 1614
3743 1633 1449
3988 1556 1771
4665 1397 1399
5413 1593 1362
5761 1409 1420
5970 1033 1493
6011 1189 1693
2125 1403 1271
2839 1630 1374
4776 1641 1553
190 895 1500
422 1402 1681
890 1672 1571
4259 1773 1635
4543 1729 1477
4582 1763 1462
4733 1767 1479
2578 1682 1568
2806 1212 1248
3742 1770 1485
3978 1280 1422
4067 1556 1419
5690 1514 1437
1365 1759 1733
3093 1749 1734
87 1168 1512
1332 1635 1338
1702 1656 1770
3255 1282 1411
1029 749 1717
3641 1212 1245
3857 1796 1453
5906 1742 1447
6239 1632 1349
1020 1516 1694
1091 1634 1469
4621 1748 1438
4697 1537 1718
5860 1582 1385
6054 1198 1552
2938 1015 1494
2978 1779 1639
4091 1645 1556
698 1389 1295
1469 1708 1587
1947 1386 1683
2859 1215 1392
3361 1634 1348
4056 1753 1513
4986 1635 1761
5339 1257 1391
5795 1262 1424
5854 1661 1414
972 1381 1681
2428 925 1734
140 1730 1481
3270 1783 1469
4967 1779 1724
5802 1509 1442
1912 1607 1535
2075 1790 1686
4468 760 1739
4660 1593 1361
5070 1722 1541
5148 1370 1364
2122 1504 1442
2744 1730 1535
2758 1723 1459
3877 1703 1434
5929 1603 1379
1049 1302 1381
1797 1193 1533
3490 1708 1532
5183 1731 1535
5779 1821 27
193 1641 1783
899 1738 1605
3718 1747 1496
4891 1707 1437
4922 1198 1226
144 1596 1364
1802 1656 1426
3033 1756 1519
3841 1426 1166
5863 1257 1260
4858 1768 1728
5709 1192 1216
174 1222 1103
828 1768 1460
975 1625 1554
2319 820 1535
3452 1566 1800
3582 1609 1530
5525 1235 1221
1360 1593 1806
3980 1643 1794
845 1490 1441
2476 1225 1242
3897 1657 1776
4073 1393 1288
491 1634 1796
4041 1597 1359
1385 1739 1524
1527 1227 1256
2115 1724 1511
2422 1627 1554
4695 1605 1533
5215 1610 1531
5788 1736 1460
197 1727 1448
361 1718 1515
4277 1246 1261
4717 1754 1510
5118 1386 1384
486 1294 1402
1425 1737 1521
1576 1731 1594
1762 1486 1439
4789 1844 25
5369 1558 1411
5434 1503 1440
5566 1249 1237
5671 1754 1477
3 1379 1290
306 1681 1406
1781 1798 1461
1949 1623 1457
2707 1614 1535
4580 821 1762
6128 1606 1363
1689 1214 1229
1904 1730 1467
5580 1707 1591
249 1730 1462
2619 1745 1738
3116 1727 1540
510 1189 1173
2208 1721 1593
2909 1653 1559
4092 1254 1250
4456 1224 1243
4912 1247 1236
5187 1386 1378
1383 1253 1487
1986 1725 1511
2809 1729 1419
5923 1794 1464
5995 1721 1543
1260 1209 1218
1568 1642 1786
2034 1625 1374
2186 1377 1364
2743 1401 1267
2891 1748 1615
3007 1496 1440
3145 1768 1730
3420 1433 1665
3775 1750 1433
4683 1737 1602
4704 1726 1449
700 1216 1111
960 1820 24
4421 1667 1785
5254 1606 1487
5942 1735 1436
1418 1654 1790
2731 1206 1150
3089 1558 1412
3647 1728 1419
3740 1623 1554
4438 1188 1213
131 1192 1223
268 1756 1502
2310 1728 1594
2568 1794 1465
3836 1510 1437
4915 1432 1436
6194 1187 1527
822 1267 1259
2148 1248 1227
2735 1180 1173
2846 1769 12
3594 1752 1485
3712 1389 1673
4611 1444 1417
4749 1566 1408
5530 1144 1516
1067 1631 1795
1719 735 1673
5867 1677 1391
6155 1641 1784
105 1787 1713
554 1202 1204
1653 1659 1425
3723 1183 1170
4907 1211 1258
556 1188 1218
743 841 1514
1193 1538 1704
5819 1206 1214
5847 1302 1380
861 1589 1376
1097 1381 1269
2380 1557 1413
3347 1460 1430
4307 1714 1452
5043 1627 1788
421 1192 1166
3373 283 1905
5950 1656 1440
314 1309 1365
2285 1777 1494
4827 1163 1515
5941 1618 1546
717 1775 1725
2344 1723 1515
3099 1385 1307
4359 1653 1787
4514 1742 1523
4568 812 1624
5332 1755 1527
6098 1272 1615
35 1680 1575
1852 1520 1445
3703 1234 1636
4609 1784 1444
5354 1728 1478
5405 1677 1408
3773 1753 1740
4306 1491 1440
4480 1391 1284
5771 1757 1469
587 1645 1767
736 1649 1785
4142 1612 1360
4574 1639 1551
4780 1214 1110
5169 1782 1641
797 1729 1523
1507 1248 1238
2250 1232 1255
2307 1792 1493
2890 1393 1300
3587 1241 1503
408 1779 1444
541 1594 1389
918 1784 1443
1247 1248 1246
1978 1725 1534
5438 1794 1639
6016 1594 1805
469 1209 1249
767 1623 1350
1563 1666 1366
2708 1752 1528
4554 1202 1159
5014 1645 1337
5600 1197 1543
5905 1571 1411
343 1399 1279
659 1640 1566
1554 1214 1231
2089 1595 1362
4730 1733 1539
5774 1788 1697
1224 1663 1411
5880 1751 1593
1116 1713 1546
2223 1208 1179
3993 1193 1183
4144 1704 1411
4305 1246 1078
5373 1238 1236
5397 1218 1133
206 1809 1505
1502 1249 1268
2117 1213 1121
2384 1282 1218
4147 1454 1408
5786 1219 1066
872 828 1514
1377 1674 1430
61 1671 1432
2579 1187 1225
4721 1699 1419
911 1160 1192
5392 1188 1143
733 1769 1629
1763 1706 1565
2382 1786 1503
5226 1771 1453
362 1251 1449
888 1653 1454
971 1679 1388
1076 1466 1673
1132 1773 1543
2570 1616 1808
3371 1609 1356
3638 1223 1109
990 1755 1545
1259 1402 1258
2761 1063 1494
3085 1619 1529
4113 1246 1263
4204 1697 1440
5971 1613 1338
4527 1698 1543
5381 1844 35
6156 1262 1395
2487 1816 1488
3476 1721 1559
326 1681 1376
2076 1236 1062
3933 1718 1575
1509 1399 1299
2023 1188 1130
2218 1173 1195
5055 1268 1259
1506 1636 1461
1833 1725 1488
2297 1239 1062
2478 1238 1420
3818 1711 1535
5402 1167 1204
509 1216 1174
590 773 1609
1428 1769 1519
2063 1503 1436
3457 1763 1616
3505 1241 1479
3566 1257 1218
3966 1216 1259
339 1534 1426
2232 1792 1692
3251 1383 1356
4080 1445 1170
4149 1451 1197
4521 1373 1682
5090 1675 1451
5704 1238 1208
1012 1222 1069
1960 1359 1287
2942 1787 1491
6147 1212 1187
1680 1804 1695
2660 1230 1078
2886 1146 1190
3412 1712 1429
3496 1664 1795
5406 1681 1466
5651 1236 1106
5801 1200 1699
3977 1635 1545
6255 1773 1719
951 1159 1505
2082 1405 1276
2459 1218 1173
2488 1216 1098
4140 1357 1285
5071 1456 1424
5513 1807 1468
5642 1179 1199
384 1710 1543
1072 1752 1473
3316 1309 1370
3368 1676 1781
5192 1305 1372
5595 1233 1277
299 1236 1007
1191 1291 1365
1903 1462 1414
2466 1412 1196
2472 1755 1540
2554 1189 1132
5128 1233 1128
6012 1587 1811
358 1790 1622
2834 1707 1401
5842 1743 1749
6122 1270 1234
1152 1257 1455
2212 1420 1180
2763 1409 1252
2919 1793 1481
3078 1695 1553
3551 1750 1427
3887 1231 1212
4005 1638 1796
4544 1811 1510
4797 1408 1280
241 1238 1214
1127 1418 1161
3160 1309 1369
3314 1280 1381
3345 1650 1150
3562 1745 1591
3609 1221 1078
233 1271 1271
709 1682 1777
3044 1384 1357
4928 1798 1643
5079 1783 1485
5587 1803 1622
2 1721 1428
188 1163 1161
402 1150 1186
3722 1408 1252
37 1808 1684
1209 1765 1602
1921 1777 1534
3265 1393 1374
4387 1222 1275
4677 1154 1187
5150 1180 1085
516 1803 1666
638 1786 1487
2262 1620 1479
3377 1791 1626
3676 1259 1232
3899 1158 1170
1063 1211 1268
3709 1739 1422
3795 1724 1423
5471 1859 20
443 1697 1417
3224 1794 1440
4500 1763 1493
3097 1695 1408
3430 1660 1551
5101 1758 1619
307 1471 1424
2096 1710 1458
4208 1704 1530
5174 1700 1542
737 1636 1490
3882 1658 1153
4154 1721 1489
4591 1210 1171
4657 1224 1074
5366 1403 1200
5608 1651 1338
5734 1229 1215
3465 1682 1559
5209 1250 1470
1891 1695 1532
3397 1767 1515
4055 1789 1632
1899 1225 1131
2947 1830 1492
4081 271 1908
4688 1209 1193
166 1760 25
807 1412 1254
1670 1659 1150
1807 1693 1528
1932 1363 1293
2760 294 1915
3109 1755 1473
4283 1420 1158
5295 1514 1707
5326 286 1896
5814 1711 1416
2787 1690 1442
3873 1824 1498
4123 1772 20
5152 1191 1239
5461 1588 1384
441 1766 1542
1346 1369 1277
3690 801 1553
6203 1223 1503
119 1423 1165
524 1254 1223
4098 1203 1130
4559 1205 1129
4745 1553 1253
4767 1399 1260
4929 1698 1783
5022 1268 1266
5024 1330 1357
5324 1763 1625
5683 1647 1799
444 1378 1197
2432 1755 1750
2696 1642 1153
3013 1222 1134
3336 1167 1158
3840 1765 1622
1692 1184 1075
2244 1360 1283
2409 1448 1405
2824 1738 1587
3426 1641 1150
928 1658 1548
1693 1203 1145
2086 1690 1443
2289 1192 1177
2837 1253 1436
4095 1203 1085
5955 1642 1543
1478 1695 1435
2610 1270 1377
3555 1411 1164
2242 1794 1516
2762 1699 1413
3584 1810 1470
5297 1481 1679
1053 1207 1094
2544 1297 1363
3349 1245 1238
3363 1441 1169
3576 1385 1201
4992 1160 1196
5427 1711 1430
5460 1363 1313
5473 1412 1184
387 289 1889
968 1715 1763
1338 1425 1176
5486 1676 1433
5695 1433 1187
340 1257 1086
456 796 1603
1845 1753 1587
1945 1788 1636
3800 1681 1463
4501 1686 1439
4702 1670 1786
6213 1726 1553
837 453 1863
2095 1413 1690
2354 1744 1534
3956 1825 1502
25 1191 1188
1711 1168 1163
3120 1467 1423
3378 1153 1189
3433 1703 1567
4308 1681 1368
4475 1219 1106
6174 1450 1164
146 1789 1439
802 1427 1683
1222 1780 18
1540 1488 1685
3165 284 1889
6111 1439 1173
4235 1351 1277
555 1761 1507
1210 1803 1698
1516 714 1671
1651 1175 1181
1884 1771 1480
4785 277 1912
729 1172 1183
1125 1176 1178
2816 1748 1592
2950 1793 1479
5770 1724 1562
935 1202 1227
4670 1196 1231
4985 1182 1153
850 1338 1657
943 1230 1077
2072 1211 1122
3214 1431 1165
4320 1642 1161
6253 1257 1271
980 1463 1414
2020 1498 1687
5889 1412 1256
600 1622 1478
683 1150 1192
1294 1661 1155
2214 1342 1350
3171 1413 1189
4354 1671 1364
6105 1778 1522
956 1432 1166
1582 1797 1479
5084 1554 1248
1596 1807 1656
2114 1235 1409
2195 1658 1540
2676 1764 1501
3822 1414 1187
3981 275 1902
6251 1589 1360
3285 1237 1071
3898 1760 1612
3924 1205 1246
4297 1551 1248
4353 1540 1242
996 1240 1095
2202 1616 1526
2420 1792 1534
4200 1188 1150
5274 1798 1704
1752 1689 1567
2492 1595 1813
2699 1812 1686
2987 1756 1499
3032 1262 1257
3727 1635 1467
4216 1231 1090
969 1173 1169
1393 1190 1153
1678 1196 1192
779 1243 1076
2817 1737 1530
3053 1193 1515
4910 1761 1627
5926 1708 1514
631 1814 1469
2252 1810 1651
4636 1615 1337
5356 1740 1588
5825 1716 1421
796 1721 4
840 1209 1209
1017 1756 1745
3527 1189 1075
4435 1794 1544
774 1393 1195
2360 1214 1108
3591 1240 1080
4405 1222 1156
280 1194 1139
2235 1303 1358
2582 1695 16
4892 1221 1150
5590 1748 1583
316 1261 1376
3259 1450 1675
5223 1468 1187
1741 1414 1192
4486 1235 1501
5221 1714 5
2690 1206 1525
3713 1410 1255
4157 1256 1268
4440 1629 1336
597 296 1895
1722 1668 1547
3860 1744 1746
4318 1237 1087
5244 1795 1633
1948 1164 1171
1995 1243 1225
2002 1233 1410
2642 1624 1530
3891 1226 1095
5660 1785 1437
5822 1208 1202
2821 1804 1473
1465 1404 1279
2330 1230 1070
2836 1783 1523
4448 1760 1611
4511 1182 1196
5917 1241 1638
904 1363 1315
1089 1250 1086
4836 1571 1390
4917 1449 1165
246 274 1916
483 1186 1211
2248 1570 1392
2605 1612 1523
3187 1227 1072
3264 1766 1493
4768 1786 1495
5546 1412 1414
979 285 1918
1268 1442 1670
1976 1397 1178
3644 1185 1183
5138 1462 1416
1165 1730 1582
1295 1578 1380
1879 1717 1476
3760 1231 1420
987 1750 1495
2453 1200 1204
2759 1411 1410
3043 1624 1545
4711 1408 1199
2356 1721 1556
5538 1409 1199
5450 1222 1132
2278 1256 1085
2807 1234 1122
3790 1724 3
5874 1802 1645
1462 1235 1086
2194 1258 1437
2450 1224 1275
2612 1803 1502
3607 1397 1183
5157 1300 1365
5871 1702 1535
6131 1791 1513
977 1248 1084
1501 1246 1101
2113 1441 1172
2577 1805 1657
4615 1216 1079
563 1401 1298
3102 1245 1086
3319 1220 1148
4194 1744 1606
4931 1455 1175
5200 1218 1190
214 1261 1621
644 1580 1822
889 1811 1644
3848 1240 1492
507 1810 1645
896 1799 1623
5439 1647 1458
1232 1775 1443
3995 1254 1124
4560 1385 1260
5928 468 1857
6072 1271 1395
1405 1390 1197
2628 1228 1070
3967 1202 1230
3985 761 1659
5707 1256 1089
6190 1415 1412
1882 1267 1268
1963 1178 1183
3965 1176 1152
4602 794 1610
5468 1639 1165
5796 1794 1688
2795 1237 1090
3244 1620 1498
4097 1294 1373
5107 1141 1509
243 1214 1118
820 1719 1548
836 1209 1161
1286 1186 1079
1865 1394 1202
3087 1809 1493
3286 1660 1348
3711 1091 1506
3879 1713 1545
4793 1693 1432
5085 1507 1688
883 1236 1262
1375 1326 1627
1876 1174 1177
4503 1798 1440
1296 1734 1416
2045 1683 1467
2327 1763 1534
3000 1804 1514
3990 1697 1559
5095 1515 1700
5136 1434 1184
5869 1806 1473
5948 1611 1355
0 1410 1197
297 1706 1399
377 1236 1211
3071 1584 1818
3114 1544 1254
3805 1198 1172
4261 1517 1435
711 1418 1183
821 1641 1447
5130 1682 1557
544 1225 1096
891 1648 1160
2867 1259 1215
3621 1771 1516
1379 1789 1521
1801 1409 1300
2079 1623 1498
2389 1216 1153
4784 1806 1649
5002 1210 1413
578 1253 1126
1705 1198 1238
3011 1221 1208
3504 1705 1533
5230 1920 17
5477 1169 1195
5866 1792 1516
6055 1703 1454
913 1401 1197
942 1235 1117
1300 1218 1207
1710 1790 1629
2341 1670 1787
3194 1448 1172
5811 1234 1119
22 1445 1171
1025 1306 1369
1739 1230 1235
3369 1801 1672
4402 1315 1357
1000 1450 1195
1004 1454 1180
5210 1240 1269
492 1371 1353
1243 1215 1151
1394 1759 1608
1510 1228 1090
1842 1793 1503
4826 1624 1336
5980 471 1861
868 1416 1683
3135 1241 1263
4076 1213 1119
4406 1177 1511
6244 1834 1510
684 1256 1224
719 1763 1630
2312 1450 1174
4010 1239 1207
5394 1241 1241
4186 1089 1500
6232 1691 17
224 1232 1396
522 1833 1508
3695 474 1855
3997 1189 1090
5098 1157 1182
14 1683 1399
399 1155 1172
1094 1199 1242
1700 1792 1686
2177 1232 1083
3022 1518 1435
3040 1771 16
4588 269 1906
5056 1349 1282
5717 1255 1406
5767 1176 1159
5983 1405 1411
54 1198 1227
2286 1193 1233
3291 1275 1251
2071 1401 1201
4333 1791 1529
1288 1935 6
1476 1776 1441
3113 1773 1632
3763 1395 1372
3957 1222 1077
5907 1721 1571
50 1181 1207
2662 1415 1411
2855 1736 1531
4184 1223 1134
4288 1772 1523
4466 1219 1099
5622 1415 1683
3144 1288 1382
3765 1150 1184
5676 1765 1520
5899 1691 1400
2991 1676 1374
6200 1239 1393
2602 1225 1094
4323 1750 1537
4337 1374 1201
3235 1770 1495
5104 1743 1591
5754 1353 1353
3645 1414 1679
6045 1228 1414
1873 1238 1087
2151 1232 1232
3546 1658 1438
5908 1625 1540
15 1809 40
2171 1203 1522
2585 1230 1236
3139 1402 1404
3201 1768 1531
3212 1761 1624
4063 463 1871
4737 1735 1424
4923 1629 1461
5669 1696 1454
6118 1708 1538
1326 1606 1502
1590 1525 1430
1688 776 1639
2865 993 1490
4029 1783 1437
4215 1172 1178
479 1795 1514
1241 1497 1434
1671 1382 1684
1784 1249 1460
2284 1688 1569
5526 1812 1486
5805 1213 1260
186 265 1895
204 1650 1452
1129 1627 1340
5196 1248 1229
5840 1543 1254
2147 1236 1118
2421 1226 1510
2473 1189 1190
2489 1206 1201
2803 988 1489
3001 1449 1188
4667 1240 1104
1390 1725 1555
1915 1413 1200
3124 1456 1414
3181 1665 1546
3542 1216 1413
4974 801 1614
5939 1767 1734
269 1213 1190
4633 1159 1192
6000 1573 1394
4904 1267 1264
5293 1221 1068
5333 1237 1411
5428 1413 1414
6080 1270 1230
1505 1699 1422
1614 1406 1288
2121 1733 1414
6033 1187 1211
85 1761 1630
1253 1630 1455
2027 1562 1398
4000 1211 1161
5744 1218 1107
6234 1218 1076
755 1427 1175
1340 1359 1349
3075 1390 1213
4256 1802 1694
4769 1414 1196
4842 1729 6
5594 1628 1543
2334 1228 1222
2689 1606 1508
4100 1431 1164
4589 1216 1185
5562 787 1622
5677 1813 1502
1131 1700 1525
1334 268 1901
3098 1805 1449
3895 1205 1269
5064 1638 1161
5900 1759 1538
6010 1236 1265
3829 1249 1267
5054 1754 1599
1895 1526 1709
2127 1814 1502
2843 1391 1200
5389 1815 1486
5875 1168 1188
2778 1252 1224
3734 1771 1505
3941 1470 1425
4540 1709 1581
5275 828 1529
5816 1224 1262
168 1234 1423
2093 1245 1098
3182 1240 1240
3640 1648 1794
4301 1163 1168
5374 1808 1492
5756 1227 1280
423 1517 1702
749 1249 1208
838 1763 1528
2028 1277 1406
2124 1789 1717
3086 1401 1292
4199 1749 1588
4613 1530 1437
6088 1607 1350
6216 274 1911
1668 1781 1629
4139 1785 1431
4723 1079 1496
200 1237 1068
1987 1327 1345
2253 1661 1426
2592 1330 1351
2639 1681 1462
49 1722 10
1057 1889 29
1279 1391 1372
2029 1766 1735
3186 1255 1116
3910 1210 1243
4347 1514 1705
4808 1764 1433
5467 1615 1526
5844 1444 1194
6063 288 1889
6246 1708 1414
1052 1269 1243
2530 1665 1438
680 1167 1189
1148 1605 1353
1983 1181 1218
2992 1201 1212
3693 1361 1289
5909 1623 1343
6081 1205 1257
2368 1236 1217
2523 1433 1184
1580 1539 1726
1896 1621 1536
2564 1211 1124
3356 1250 1231
5495 1204 1204
708 1770 1499
1065 1809 1484
1555 1235 1241
3503 1629 1455
3665 1740 1587
3680 1752 1430
4811 1382 1274
5282 954 1754
5312 281 1889
1282 1762 1602
2376 1243 1065
5773 1791 1677
1679 1767 1435
2349 1693 1566
2960 1583 1361
5408 1164 1160
6024 1422 1411
2414 1216 1108
4202 1238 1409
5849 1148 1198
320 1751 1625
2009 1762 1619
3512 1742 1596
4275 1231 1003
4519 1470 1180
5415 1244 1098
5492 1741 1591
5698 1777 1628
2729 1240 1128
2893 1683 1429
3518 1407 1273
3781 1753 1594
5249 1254 1240
5452 1214 1106
5621 1231 1114
127 1760 1744
1608 1388 1206
3404 1237 1063
3681 1367 1299
4927 1696 1526
5730 1689 1446
660 1238 1072
1056 1458 1427
1649 1676 1368
3670 1435 1177
5443 1769 1544
5927 455 1862
2812 1803 1667
3764 1232 1218
4053 1182 1201
6198 1719 1419
907 1240 1242
1382 1386 1265
3838 1852 27
5074 1842 43
5688 1241 1091
1487 1209 1159
2502 1713 1423
3210 1645 1451
4104 1761 1497
4151 1247 1399
4282 802 1546
4700 1450 1198
4755 1616 1527
5103 1800 1696
940 284 1920
1032 1395 1202
1434 1815 1495
2983 283 1899
1795 1804 1470
1860 1847 35
2041 1751 1616
3130 1181 1197
3929 1639 1350
4908 1790 1510
5502 1168 1152
5703 723 1664
407 1610 1807
1490 1918 8
2337 277 1903
3142 795 1618
3357 1449 1171
3449 1220 1119
3553 1172 1154
5511 1655 1153
6182 1154 1192
2328 1238 1238
2594 1809 1500
4429 786 1610
6204 1743 1603
2436 1174 1173
2780 1591 1811
3474 1432 1195
5570 1764 1606
6112 1170 1196
110 1211 1073
4652 1441 1191
139 1416 1161
2077 1773 1629
3327 1640 1763
3832 1782 1492
5573 1674 1781
5655 1175 1177
379 1797 1685
2026 1238 1209
3384 1221 1151
4340 1665 1431
5199 1256 1405
6041 1271 1413
1605 1605 1503
2557 1544 1255
2655 1209 1144
3432 1653 1543
3886 1725 2
5783 1819 1474
176 1427 1676
533 1607 1353
1283 1147 1186
2295 746 1661
2720 1287 1229
2775 1254 1220
3110 1772 1498
4038 1218 1125
4155 1670 1433
4229 1219 1192
4483 1248 1270
6052 1186 1517
346 1412 1168
2128 272 1901
2234 1382 1194
2406 722 1694
3932 1790 1523
4694 1606 1514
6225 1169 1709
588 1225 1105
1817 1437 1409
3724 1273 1618
3769 1199 1233
4968 1242 1278
4979 1407 1169
5605 1723 1494
2293 1637 1540
3057 1249 1116
5631 1370 1207
5960 1582 1382
5998 1224 1098
62 1213 1182
740 1630 1457
5549 293 1880
6250 1271 1267
3301 1333 1345
4071 1444 1184
4830 1429 1186
1615 851 1766
2911 1762 1437
3306 874 1503
5256 1810 1641
5305 1457 1413
324 1639 1550
489 1692 1404
562 1813 1496
2192 1795 1535
4576 1583 1382
33 1197 1145
2385 1686 1534
2065 1702 1544
5578 1771 1519
5612 1448 1404
5994 1206 1169
2120 1541 1250
2988 1721 1417
5572 1691 1539
345 1370 1351
1106 1710 1568
2712 1180 1220
3289 1886 20
4069 1781 20
4397 1191 1206
702 1364 1268
1943 1277 1409
3074 1660 1154
4309 1213 1183
2748 1414 1201
4214 1270 1269
4709 1241 1011
4835 1259 1375
876 1212 1174
1047 1801 1695
3360 797 1618
5359 1216 1384
5607 1393 1359
1196 1244 1105
1239 1248 1269
2671 1149 1193
3052 1674 1451
3164 1695 1445
3419 1187 1229
4172 1659 1429
4883 1623 1544
5160 1753 1471
5674 270 1900
596 1365 1297
2183 1686 1434
2367 1417 1172
2596 1195 1252
211 825 1517
1798 1520 1436
6030 1254 1079
738 1211 1269
2351 1217 1154
3509 1770 1625
4513 1446 1187
4882 1584 1380
5007 1257 1095
5896 1194 1204
157 1766 1514
282 1219 1131
2220 1654 1455
2497 1174 1204
2910 1779 15
4597 1698 1541
1352 1230 1092
3189 1242 1063
4022 1440 1411
126 1592 1365
2394 1609 1495
2558 1405 1388
3156 1382 1196
4357 1256 1094
6004 1221 1277
1287 1172 1156
5214 1209 1189
6008 1759 1542
2104 1670 1
495 1769 1510
1953 1782 1731
2435 1914 13
3937 1187 1180
5178 1673 1557
5670 1406 1253
23 1716 1495
1198 1788 1478
1594 1691 1433
2230 1599 1805
2914 1802 1639
5603 1428 1187
5635 1334 1352
5930 471 1863
2576 1761 1598
2781 1548 1812
3559 1709 1420
2969 1350 1350
371 1791 1521
1637 1222 1079
3046 1358 1287
4265 1176 1143
4389 1205 1144
4841 1344 1281
530 1361 1353
1366 1275 1384
3302 1410 1203
5260 1166 1193
6057 1411 1202
4687 1743 1598
5848 1237 1127
6138 1428 1683
1744 1273 1236
1875 1221 1503
2176 1363 1306
2508 1775 1523
2884 1697 1565
2957 1577 1386
288 1247 1263
3523 1200 1244
4625 1252 1457
5850 1703 1462
1920 1284 1379
5701 1787 1730
5918 273 1906
55 1168 1159
1307 1244 1063
1944 1773 1503
2205 1434 1424
4756 1757 1740
4939 1645 1450
5946 1375 1310
2873 1252 1424
3485 1194 1248
4996 1715 1585
614 1242 1231
2016 1471 1181
2431 1398 1180
2666 1269 1626
3082 1781 1438
4814 1229 1076
6006 1765 1530
1397 1651 1162
2993 1694 1534
4523 1387 1192
13 1457 1187
1946 1374 1205
3909 1672 1368
4715 1462 1191
5925 1236 1086
2283 1769 1503
2686 1605 1508
4529 1228 1399
4954 1647 1450
629 1606 1503
759 1199 1240
1993 1643 1805
4627 1175 1212
5524 1193 1225
1769 1435 1412
3428 283 1898
4245 467 1871
5238 1187 1207
5512 1473 1422
5565 1435 1167
3635 1362 1282
4001 1359 1282
4116 1754 1744
2442 1768 1498
4004 1693 1562
4246 1239 1240
310 1389 1188
570 1276 1388
1064 1419 1178
1701 1216 1150
1808 1554 1779
3297 1640 1792
3639 1175 1194
3785 1744 1536
2054 1775 1544
2764 1204 1208
2861 1179 1202
2953 1518 1713
3266 1806 1694
5657 1264 1416
864 1522 1705
3407 1437 1190
6090 1193 1205
884 1805 1489
2989 1298 1363
3243 1443 1185
5153 1236 1082
309 1688 1405
5653 971 1768
776 1162 1192
1108 1407 1181
2590 1542 1802
3155 1214 1171
4278 1274 1375
129 1229 1219
1796 1828 1500
3783 1241 1282
219 1657 1798
1271 1219 1181
2831 1383 1212
3158 1231 1091
3947 1180 1182
6046 1228 1204
2331 1736 1592
2822 272 1911
3945 1176 1146
4539 1189 1186
4583 294 1889
92 1693 1405
150 1338 1347
1337 1704 1546
2416 1378 1274
3799 1738 1530
4119 748 1732
5077 1422 1167
5958 1779 1528
205 1214 1185
338 1428 1411
519 271 1909
944 1221 1259
1460 1756 1596
4682 1623 1339
5885 1755 1427
6158 1806 33
356 271 1907
2540 1709 1453
4011 1723 1434
5421 1686 1440
1632 1437 1193
2158 1426 1176
2499 1216 1109
3971 1545 1248
6036 1226 1256
40 264 1895
641 1253 1433
2134 1436 1179
4790 1231 1211
397 1877 19
930 1710 1422
1474 1696 1446
1691 1719 1428
2514 720 1672
3288 789 1607
4601 1194 1141
6015 1273 1229
1324 1519 1713
2574 1182 1149
3015 1802 1654
4090 1682 1388
4453 1170 1207
4650 1762 1494
694 1709 1462
875 1792 1520
1107 1795 1680
1316 1403 1292
1991 1267 1213
4181 1474 1424
4502 1835 1493
5484 1545 1242
697 1153 1185
2267 292 1899
4059 1797 1482
5092 1777 1539
5399 1802 1464
1482 1773 1526
1713 278 1889
2274 1233 1211
2463 1243 1422
4132 1236 1068
1942 1388 1214
2101 1194 1133
3868 1257 1466
2240 1252 1454
2271 1753 1597
2956 1242 1242
3520 1732 1418
3684 1801 1689
4684 1485 1684
5184 1771 1515
5350 1681 1395
5403 1683 8
2006 1684 1376
2110 1237 1422
4932 1790 1526
1854 1686 1559
2444 1206 1257
3064 1423 1190
4106 1779 1510
577 1702 1525
579 1208 1096
936 1754 1530
1373 1651 1802
1498 1768 1543
1867 1181 1154
3119 1239 1099
4276 1663 1155
5218 1372 1353
5233 1265 1242
5337 1230 1395
5718 1383 1196
859 1694 1452
1698 1454 1171
1980 1692 1451
2603 1810 1640
3129 1399 1373
3337 1189 1147
4352 1680 1396
4666 1261 1260
5510 1209 1130
178 1705 1413
506 1238 1425
898 1595 1351
1189 1827 37
3034 1722 1571
3999 1663 1541
1493 1766 1510
1520 1427 1672
1950 1434 1411
3084 1186 1735
4366 1190 1144
5121 1244 1110
6143 1274 1229
514 1216 1103
5009 1214 1131
6108 1154 1197
1343 1190 1208
1791 1645 1160
2823 1791 1435
3257 1702 1466
4460 1751 1748
5857 819 1528
6096 1696 1425
1080 1253 1125
1513 1267 1215
3845 1245 1077
16 1252 1208
3179 1686 1409
2899 1407 1402
57 1607 1504
5126 1188 1536
36 1229 1221
1573 1209 1172
3732 1277 1623
5151 1162 1502
5290 1649 1160
5416 1235 1122
2119 1302 1360
2417 1681 1373
2916 294 1914
3215 1186 1249
3596 1265 1222
5163 1190 1180
630 1237 1011
1051 1802 1657
1230 1236 1004
1479 1217 1071
1864 1680 1784
3296 1573 1817
3578 1905 17
3633 1650 1162
5053 1824 37
6136 1424 1175
6137 1758 1591
1313 713 1666
1503 1677 1367
2623 1271 1273
4349 1720 1410
4382 1620 1339
4505 293 1897
424 275 1910
1336 1635 1463
2051 1215 1183
2876 1391 1194
5505 1272 1365
1304 266 1895
2736 1433 1423
3042 1718 1576
3090 294 1909
3168 1523 1436
5003 1657 1554
5383 1202 1131
5694 1774 1625
1216 1173 1155
1380 1800 1702
2106 1807 1687
2372 1800 1642
3487 1694 1428
6064 1665 1442
1648 1787 1727
2215 1502 1432
111 1808 1507
1547 1817 1472
2281 1244 1282
3605 1354 1282
1005 1247 1122
1009 1714 1423
1110 1209 1192
4250 1149 1192
5482 1234 1127
5687 795 1580
1532 1437 1414
5940 746 1738
1328 1378 1210
1970 1669 1788
3024 1787 1623
3603 1102 1511
3786 1216 1654
5426 836 1501
5518 1381 1214
5957 1467 1182
20 1780 1486
863 1761 1599
2746 1684 1391
2874 1698 1778
2900 1811 1457
3095 1805 1695
4999 1235 1093
1088 1496 1684
1574 1792 1437
3263 1447 1672
5398 1815 1509
5861 1829 1496
3748 1719 1475
5799 1320 1354
5898 289 1909
6240 464 1871
75 1672 1356
1592 1224 1096
1914 1745 1745
2107 1760 1473
5197 1436 1672
5882 1807 1499
671 1762 1600
1931 1250 1205
2159 1215 1067
3175 957 1500
3533 1769 1538
5628 1187 1240
333 1768 1499
3012 276 1911
3538 1216 1146
3581 1635 1543
4238 1211 1205
5576 1700 1519
6254 1802 1469
1102 1367 1309
1227 1171 1165
3290 1284 1365
4130 1249 1462
551 1245 1117
3115 1759 1604
4469 1717 1406
5556 1450 1429
5563 1247 1085
3863 744 1666
815 1626 1337
6042 467 1857
93 1805 1651
1240 1797 1686
2167 797 1581
3537 1212 1120
5987 1688 1533
6076 1245 1070
1485 1728 1414
2401 1212 1163
3410 1260 1208
6184 1692 1416
1113 273 1894
2329 286 1913
255 1649 1459
383 1209 1402
1440 1434 1195
2090 1540 1428
2374 1292 1377
3318 1239 1234
3469 1706 1401
4867 1682 9
5453 1233 1238
6195 1246 1114
58 473 1864
1228 1382 1213
1828 1182 1221
2928 1690 1405
3403 1246 1276
4252 474 1852
5168 1230 1494
5259 1802 1446
5602 1368 1279
5914 1641 1162
451 1367 1203
1133 1761 23
1175 1373 1360
3213 1764 1618
4087 1809 1509
4401 1810 1496
5672 1394 1291
2350 1285 1217
2482 1223 1099
4364 1661 1348
5049 1420 1195
334 1221 1133
2201 1739 1586
3507 1439 1192
3853 778 1642
4812 1701 1469
5300 1793 1721
6043 1797 1696
6133 1776 1733
1244 1165 1196
1777 1446 1411
2713 1712 1421
4464 1218 1211
4703 1799 1505
2771 1231 1073
5039 1365 1350
5536 1430 1431
866 1361 1287
2673 1156 1188
2862 1715 1569
3267 1363 1351
3890 1419 1188
3974 1258 1088
5689 1243 1476
76 1168 1166
467 1776 1627
2546 1108 1514
3506 1401 1276
4507 1774 1512
5686 1238 1012
6223 294 1882
