1122
168 310 300
206 332 298
1062 959 835
293 978 802
651 999 835
36 954 411
393 1016 411
74 1020 467
1105 967 466
312 775 342
438 791 215
577 803 186
679 820 208
1000 1161 726
241 1151 762
243 1187 752
498 670 1182
838 664 1141
934 718 1157
1088 923 145
259 962 105
397 924 106
981 960 141
42 639 801
99 604 781
474 602 818
992 456 690
1056 505 740
208 457 740
276 505 690
279 968 650
371 960 619
540 239 213
553 226 214
953 507 406
6 510 388
112 214 33
262 168 80
311 166 34
546 217 80
664 665 142
785 676 174
829 643 167
913 933 14
55 955 14
61 698 1031
294 603 927
300 603 947
432 231 810
530 278 810
536 281 759
768 234 758
834 545 1165
180 552 1142
412 854 553
559 457 12
696 417 28
731 460 43
786 266 478
790 210 480
902 207 539
929 270 539
1026 236 512
25 308 102
91 345 96
105 322 62
174 879 1016
344 881 1038
465 146 1117
586 136 1169
862 106 1114
869 70 1122
1066 82 1174
184 52 561
299 15 604
479 18 554
545 51 614
612 478 1074
689 483 1039
831 448 1041
1068 443 1076
1092 1119 1094
1095 1114 1114
1106 643 579
122 684 552
245 633 610
319 686 599
403 634 549
477 399 290
762 405 267
797 110 307
844 1024 1060
972 69 135
976 64 160
1111 966 978
154 996 978
337 984 951
383 703 679
433 703 705
837 726 691
33 425 879
166 41 260
188 26 300
271 13 259
278 701 469
380 1115 269
491 1132 274
650 453 480
704 405 526
761 452 530
763 404 479
904 1047 75
1047 1071 76
1102 17 948
20 15 966
164 1120 883
485 1116 856
712 1093 872
769 327 1069
855 327 1105
1015 295 1072
1073 292 1103
1109 84 408
7 1100 630
23 1116 630
31 49 830
39 51 858
69 283 637
71 243 635
87 280 674
88 242 676
93 20 701
98 21 735
102 1166 122
126 1186 167
170 1147 166
177 167 1051
182 168 1035
200 1182 367
215 492 938
226 1186 469
235 1185 493
248 143 576
269 959 248
291 991 243
296 970 219
303 1045 817
318 609 265
322 609 249
326 792 1084
334 816 1080
361 799 1059
373 134 934
406 110 933
422 169 273
430 461 141
440 513 144
449 513 191
454 466 189
457 894 906
487 260 993
504 244 993
514 785 562
557 781 582
564 109 752
576 143 736
593 113 715
601 148 431
609 1107 953
613 1103 935
635 807 1175
659 799 1145
660 829 1150
680 1034 1157
683 1012 1164
705 407 416
706 367 399
709 401 372
726 570 390
741 474 273
751 502 292
755 504 262
783 842 440
793 846 482
804 801 442
806 806 483
810 588 1048
854 91 42
872 87 64
899 680 28
910 708 11
912 712 35
940 174 162
944 1182 1064
950 1179 1027
955 807 856
956 781 824
984 818 820
993 856 359
1012 241 1179
1021 267 1181
1035 813 24
1050 393 591
1055 388 613
1060 307 888
1063 335 887
1064 308 916
1065 336 915
1082 556 496
103 320 294
106 306 299
349 323 288
108 317 296
535 307 304
368 311 302
669 342 277
1038 338 313
70 306 277
604 327 316
736 300 289
918 301 321
781 338 292
1103 330 299
1069 304 303
455 318 293
1072 302 283
163 337 283
799 301 311
987 321 287
1079 308 320
365 303 278
327 306 309
975 341 313
277 312 314
384 335 298
28 319 311
171 302 304
1027 320 296
151 324 316
388 311 290
224 335 310
46 300 297
871 343 314
467 308 288
1061 301 280
429 316 320
802 307 320
444 340 317
281 326 319
985 314 317
72 302 310
419 305 286
548 324 294
674 336 281
82 328 290
653 337 296
221 333 278
109 322 313
357 336 292
458 335 303
558 302 291
637 317 316
963 335 278
35 342 309
67 330 301
1036 335 288
765 323 307
691 329 306
547 307 289
203 315 288
289 308 292
68 334 295
117 339 279
649 321 280
1097 341 319
582 322 282
423 310 321
292 322 286
603 326 286
264 312 317
418 337 295
387 319 305
190 331 278
900 301 299
907 326 320
386 314 296
570 344 317
270 322 281
1087 330 315
275 315 292
340 328 316
636 303 279
715 320 302
833 337 304
725 319 282
848 338 311
283 325 314
948 340 321
97 333 313
343 317 315
698 324 286
974 314 308
947 303 316
949 312 316
966 325 319
782 337 321
85 332 299
1104 309 303
543 306 307
469 333 321
841 337 312
702 323 284
254 300 318
335 300 290
628 304 320
914 316 284
1070 340 314
681 329 302
1120 305 320
378 340 292
865 309 283
818 303 306
1094 334 306
307 324 292
693 311 312
14 339 313
84 336 280
880 307 317
665 313 315
195 340 282
94 312 279
989 312 281
823 339 277
389 328 317
490 325 317
1078 324 279
363 330 307
360 313 279
169 342 316
588 327 317
1029 314 309
370 307 279
968 342 307
47 302 284
15 324 284
463 340 299
780 338 308
523 328 312
513 329 293
421 323 320
596 321 299
86 323 310
409 320 315
881 334 285
1089 321 305
599 341 288
911 327 293
960 342 311
196 309 307
402 326 302
451 331 277
926 314 314
503 304 292
961 334 300
425 306 280
1051 307 293
0 326 290
743 312 282
896 324 289
445 308 300
607 324 311
75 327 286
253 340 310
903 303 289
111 306 302
473 302 305
515 335 299
728 344 296
748 301 284
773 323 306
951 320 309
991 336 314
936 326 316
800 300 315
250 324 282
437 329 319
598 304 286
286 315 306
727 301 281
44 322 290
497 325 313
40 335 317
654 305 311
619 344 294
220 317 284
584 332 321
585 300 287
364 315 285
537 300 319
12 307 291
58 323 305
1054 321 289
539 325 300
573 343 298
375 302 319
1057 344 306
1074 332 289
1116 339 281
288 321 318
640 323 296
924 304 314
925 324 293
946 316 295
908 341 316
324 303 303
839 312 300
776 340 289
645 333 287
927 302 298
708 319 310
238 318 279
572 339 318
62 301 286
27 334 280
861 326 309
372 332 313
191 324 287
210 315 301
840 335 281
740 311 280
309 331 310
703 341 308
803 339 292
789 308 282
767 331 292
356 306 317
957 311 313
32 334 284
204 339 282
54 333 279
687 316 296
657 309 302
494 314 286
568 319 294
1016 327 306
420 308 280
428 342 299
240 303 282
471 306 282
125 337 292
508 318 321
1014 313 302
48 326 285
152 318 303
22 322 287
682 328 293
859 954 819
849 946 816
176 999 795
95 986 828
747 993 798
492 943 809
522 990 804
1052 1002 839
670 988 788
663 955 805
51 944 800
851 986 832
267 1006 842
1 988 791
135 945 792
853 1006 827
280 977 838
777 955 828
76 971 806
30 945 793
988 952 789
251 1003 809
132 993 847
460 997 853
236 959 818
852 949 830
836 978 833
754 960 794
156 955 839
333 998 810
589 1001 817
239 943 806
717 958 832
60 977 800
813 986 838
130 971 803
1059 993 835
701 998 789
385 961 856
456 992 814
758 958 841
811 946 827
895 1003 854
965 954 842
367 998 835
332 965 792
602 975 800
980 943 839
341 944 848
1100 959 790
81 979 842
310 978 817
730 986 803
205 949 810
141 975 836
282 956 820
1030 984 853
1034 967 789
328 953 810
962 972 818
1110 987 843
1080 976 800
575 943 833
110 989 791
186 944 830
410 982 823
745 1007 806
905 948 840
892 955 821
1107 954 800
290 997 848
655 950 792
744 999 824
824 991 802
952 967 828
531 955 801
234 950 805
756 996 829
561 992 841
986 980 844
967 982 833
845 970 828
998 970 832
529 968 819
882 995 840
672 972 852
826 955 846
1114 981 790
618 1008 843
888 948 833
172 943 820
96 994 824
611 964 809
794 977 823
1058 945 833
832 956 839
897 979 792
29 957 839
64 999 833
211 998 794
185 946 850
34 995 797
774 1006 853
158 1007 829
123 978 821
1022 960 838
921 953 840
247 974 790
867 995 838
382 949 828
919 970 822
150 956 829
304 944 795
45 999 844
856 945 836
100 1003 846
920 959 844
648 1010 822
942 981 850
616 977 826
877 1009 850
183 993 841
219 965 826
147 980 794
443 964 791
507 961 794
140 951 822
124 985 818
796 963 808
870 969 819
400 967 817
997 973 837
742 972 839
198 1006 839
366 996 820
1010 981 800
17 1005 854
476 975 837
580 943 844
801 993 838
772 991 800
496 946 825
120 969 841
1081 1010 854
181 977 825
729 943 794
923 983 799
1007 984 856
634 961 818
90 997 825
527 1005 843
752 990 803
143 1005 803
835 945 852
155 978 788
996 970 839
632 979 814
658 971 788
314 1010 853
898 995 835
633 973 847
1019 973 790
165 962 819
1002 952 803
1091 1000 798
483 956 825
1032 1008 824
450 1000 804
77 978 850
891 988 841
825 1008 803
982 986 853
822 979 831
711 949 792
805 953 839
1009 972 802
506 980 803
821 967 841
1084 949 850
237 988 790
486 983 806
302 977 835
475 974 852
217 957 815
935 1005 845
549 967 822
578 984 788
938 996 855
846 946 821
9 996 809
893 995 818
876 955 817
315 971 828
526 946 811
424 991 810
413 987 837
879 995 844
928 997 792
502 954 843
571 943 845
26 977 853
331 995 854
59 950 839
978 1002 848
396 945 826
718 943 801
66 972 813
554 992 806
246 959 834
1075 991 809
820 955 837
656 991 832
19 1010 793
1037 992 824
885 956 836
415 974 831
623 990 818
566 946 795
828 985 810
104 1006 838
162 969 820
1033 957 805
1045 958 805
858 984 795
398 946 830
945 1010 807
79 979 818
510 967 834
646 974 819
857 1005 830
977 954 820
700 1002 850
775 964 815
362 958 828
719 979 807
308 974 848
342 961 814
268 945 788
757 943 823
639 949 802
779 976 823
724 989 835
563 968 804
1031 995 804
819 1002 822
416 954 793
592 976 849
620 983 855
784 981 818
133 963 828
493 965 829
468 992 813
542 988 828
1096 1010 811
11 1004 822
339 975 813
394 944 480
427 1028 418
759 968 469
816 950 445
532 993 405
1113 968 384
80 1014 472
453 963 392
569 979 386
213 962 485
933 1043 409
101 962 483
678 1045 489
675 934 418
478 1020 420
538 1032 457
173 1044 403
694 1002 451
379 989 496
544 964 474
863 968 470
778 1019 413
624 974 410
979 940 469
901 932 381
16 934 465
119 1015 487
187 965 464
995 1017 465
873 1039 478
600 1031 491
121 979 416
915 930 401
860 1012 413
875 1036 443
732 998 435
560 960 426
222 1030 456
138 979 469
878 1043 441
56 941 399
1053 963 427
917 982 471
533 982 451
817 969 484
615 1038 401
941 951 402
306 965 398
391 966 445
178 1046 472
922 1045 451
753 975 389
462 968 431
466 945 445
209 956 416
581 1025 475
808 1041 477
439 1040 400
417 970 425
1043 1024 459
43 934 409
78 951 452
764 1011 412
179 1032 391
733 1024 458
399 987 453
890 1008 438
297 1018 447
667 1044 465
426 989 468
505 963 414
194 1015 492
791 1045 400
407 993 448
258 1019 463
249 951 417
351 993 454
447 955 423
787 957 468
1071 1023 381
8 964 413
381 931 481
233 956 410
4 1004 468
197 1028 406
686 1010 451
127 942 437
10 941 433
313 947 407
442 980 436
452 930 495
750 1014 415
541 978 493
376 977 472
350 943 396
643 932 462
316 966 428
737 934 439
916 983 493
884 1001 425
404 986 384
272 957 383
265 988 391
113 1032 381
684 970 487
707 1025 408
128 938 391
688 1045 457
1046 995 487
348 994 417
647 958 452
1006 941 466
690 999 398
771 992 484
160 931 387
638 937 423
677 1043 471
1108 965 474
1048 1038 420
57 1019 495
662 932 494
1003 992 455
115 1017 411
721 967 400
518 1016 385
735 960 433
52 1000 468
49 989 478
583 1027 442
868 994 423
519 985 416
207 1041 385
520 963 479
812 1012 483
746 1042 456
610 1009 467
550 992 423
1024 963 403
345 942 473
63 1020 437
722 960 459
517 1025 466
788 980 381
330 1031 443
2 1016 418
969 998 436
459 1000 424
301 965 490
516 955 385
228 936 454
699 941 463
202 957 489
605 1020 490
1017 1024 383
671 950 443
377 1002 491
431 1001 481
317 1030 391
411 970 387
274 1028 403
1004 945 405
263 1035 489
710 971 401
697 1012 391
13 1044 472
556 951 433
499 1022 405
148 1027 411
591 1042 464
954 1017 400
973 953 393
359 994 460
435 930 388
244 938 483
159 1046 477
738 1037 464
1112 995 417
714 1011 450
579 946 391
528 981 452
676 1032 433
320 1020 396
685 943 414
501 1038 492
149 986 472
137 1009 458
354 949 435
395 1027 439
889 950 479
1005 1010 492
847 971 448
18 984 471
414 983 479
392 980 386
1020 956 388
405 1036 416
644 1039 395
352 999 458
295 1037 435
1090 969 381
930 1046 487
227 946 438
157 1009 456
142 978 407
369 1009 380
489 936 382
134 935 466
641 1038 389
970 983 414
199 1012 405
1067 982 467
408 936 422
1011 971 462
886 1014 496
815 1031 463
883 1037 475
216 946 468
261 992 496
795 1032 426
1076 1038 447
1119 975 463
1042 957 479
41 1015 422
436 1038 460
401 1017 479
464 970 398
1023 939 461
242 1045 434
193 985 443
760 953 433
338 1016 427
932 1012 476
83 933 486
92 981 460
24 1025 402
629 968 490
145 993 458
567 941 403
630 975 485
606 1032 435
511 1002 413
353 949 417
161 1018 403
716 1046 455
214 997 389
1121 943 400
1018 942 393
959 995 407
305 1000 431
118 1012 471
329 1034 431
1041 1025 400
167 972 438
770 943 444
50 1019 401
260 1032 406
1093 974 407
937 997 416
257 1021 464
488 1044 496
666 946 464
792 1036 420
642 934 381
1117 1009 411
232 956 446
5 1008 480
481 1002 416
136 962 491
597 1014 449
1115 973 432
521 1036 480
887 939 411
617 975 412
273 942 389
146 1039 495
827 985 495
336 1003 427
1039 1030 422
256 1020 471
1122 1012 477
114 949 394
713 765 327
1118 759 328
590 787 358
472 759 352
1001 782 344
625 778 355
842 775 352
906 770 352
943 768 343
766 786 356
749 773 344
1101 767 357
661 760 346
448 774 343
325 786 350
565 784 340
814 783 350
441 776 339
524 778 353
999 768 327
595 766 335
192 780 339
321 766 326
723 763 327
850 767 346
864 775 331
695 787 341
668 767 344
284 773 329
652 774 334
1040 769 329
285 768 351
38 779 331
739 775 329
673 762 347
931 766 358
1008 775 332
512 776 334
994 787 337
983 761 344
484 763 348
562 766 354
622 769 351
153 765 352
131 791 332
964 790 357
807 763 355
509 765 350
470 759 349
434 777 337
1086 776 344
116 768 355
347 790 358
1085 760 343
552 769 345
909 773 355
692 762 334
266 784 348
555 776 354
594 777 344
390 787 330
574 777 333
374 760 334
798 772 358
1049 781 343
223 782 343
587 773 351
346 770 331
525 761 356
551 785 326
37 763 339
298 775 346
231 759 331
866 774 356
1044 776 358
65 774 353
189 775 335
894 778 336
21 787 346
1028 788 336
461 763 337
1025 779 348
446 777 329
144 766 352
175 789 346
225 764 358
355 774 350
129 775 340
971 780 346
107 780 351
255 787 338
621 789 331
3 769 330
958 768 340
229 767 336
608 785 335
480 771 339
252 788 326
482 774 326
139 778 358
614 790 341
358 769 335
1099 773 342
843 790 353
627 759 353
534 769 352
990 763 338
1077 781 326
809 772 338
830 759 344
212 770 338
626 766 332
874 788 343
89 780 338
218 769 339
939 786 336
495 787 327
1013 773 357
734 774 347
73 768 342
1083 769 357
720 784 331
323 761 350
500 776 330
287 764 339
631 773 340
230 782 352
53 784 332
201 782 329
