1014
977 343 347
763 277 146
618 189 183
35 179 359
155 67 150
515 138 265
963 56 349
893 42 243
196 257 295
850 52 50
215 256 44
619 350 218
953 156 65
161 357 69
801 308 323
793 275 160
628 166 202
456 167 398
443 143 389
519 122 341
211 257 158
355 173 332
48 20 147
309 142 270
474 106 337
695 48 217
603 267 251
325 91 50
82 44 216
244 13 73
93 139 359
696 304 288
129 240 285
194 265 75
928 51 45
195 233 54
345 93 89
299 308 353
6 353 342
1004 366 370
758 351 301
139 351 268
19 275 280
735 40 331
754 132 108
413 34 61
60 24 385
876 341 150
712 348 91
872 161 390
658 206 200
777 101 290
136 143 15
283 96 70
949 227 43
41 4 226
331 353 183
304 193 97
678 399 339
829 215 2
143 144 372
441 33 201
23 224 254
535 127 84
412 12 255
138 134 127
813 235 185
383 356 34
357 131 360
890 202 273
50 25 346
470 206 156
268 341 101
810 95 350
973 71 294
689 331 148
431 15 216
368 38 89
704 126 264
941 219 17
505 334 127
354 307 52
978 301 133
789 313 147
77 395 283
765 26 314
58 108 190
969 66 173
408 318 75
596 329 78
909 112 20
853 276 109
933 20 146
365 153 158
451 290 236
191 141 148
688 334 297
791 381 166
471 355 70
487 268 68
4 362 322
290 209 233
422 124 100
848 104 124
125 97 266
572 78 269
1006 272 147
864 342 319
666 296 223
561 45 173
447 177 127
342 31 292
726 356 371
350 260 47
433 284 127
310 49 8
616 395 390
573 286 377
592 125 287
380 166 152
674 377 49
792 397 129
47 203 207
271 64 344
400 336 129
241 214 180
629 308 242
439 58 342
391 394 262
869 298 73
220 254 25
630 8 183
192 136 330
326 18 227
752 169 182
302 273 382
954 382 315
159 273 126
694 148 144
867 142 17
955 373 262
528 236 209
189 287 340
164 345 37
539 312 210
896 202 177
429 274 72
514 394 108
86 309 368
295 39 29
716 312 110
13 151 56
593 190 318
501 181 213
381 39 198
799 96 293
669 332 87
90 120 370
475 171 238
69 360 385
868 321 174
379 209 207
432 320 116
320 256 174
926 85 369
680 326 321
632 392 380
834 301 188
486 110 164
284 14 203
71 116 389
339 168 3
79 282 272
807 49 163
917 383 142
445 129 178
846 286 59
529 275 307
12 10 191
26 344 120
40 109 71
362 241 304
344 175 341
130 165 267
818 213 366
668 210 62
667 25 244
717 219 253
513 232 241
975 302 59
708 310 211
131 277 104
24 193 335
382 92 256
182 319 241
52 206 31
64 254 96
947 170 90
335 388 79
168 354 136
843 351 65
204 285 233
548 269 388
556 75 364
607 314 117
652 388 131
94 142 23
871 338 188
208 181 365
859 154 24
698 100 320
229 182 195
873 242 150
578 122 171
907 346 179
774 146 201
649 114 391
929 380 391
741 264 4
983 384 285
46 330 216
181 21 299
230 26 146
266 187 160
480 27 281
772 58 81
536 202 395
559 386 367
322 226 16
661 86 235
957 336 371
1002 32 149
488 55 329
497 345 5
692 261 194
923 6 236
924 89 101
714 87 340
602 313 163
469 224 228
18 15 121
557 38 307
305 190 277
428 390 279
707 65 221
491 43 236
809 314 285
410 134 302
449 329 125
805 100 293
257 13 350
581 192 284
738 125 321
190 71 18
699 73 300
739 335 20
2 89 86
455 196 190
584 290 267
546 23 385
764 135 52
886 179 225
8 164 289
910 78 280
463 160 378
898 308 273
11 129 197
1010 106 36
583 135 92
744 264 135
446 58 343
888 215 301
296 292 361
38 144 38
223 302 366
806 229 325
360 242 30
406 255 54
83 344 149
301 117 134
838 350 303
877 383 325
329 187 242
81 235 306
358 392 189
811 51 159
986 282 143
158 65 306
171 160 367
453 15 40
857 29 194
625 260 112
209 171 128
370 193 149
914 41 277
317 162 290
710 41 383
748 14 340
278 281 237
328 60 341
397 65 55
671 280 339
563 140 323
462 67 167
897 393 252
146 83 221
121 207 46
534 56 15
399 7 248
967 221 386
882 12 107
91 183 62
974 4 178
921 284 95
387 317 320
66 279 345
976 113 196
769 129 181
817 180 324
800 399 213
148 368 269
802 174 187
552 176 341
842 135 298
512 121 349
524 28 192
127 189 337
784 318 245
981 179 19
54 59 363
273 296 147
7 368 14
757 379 387
936 96 236
697 321 37
847 27 188
92 273 127
245 357 208
141 396 112
308 187 154
821 271 223
318 334 13
530 224 164
402 194 345
785 205 140
101 373 144
95 33 170
722 357 5
911 159 86
53 64 81
831 205 211
701 85 310
120 325 9
731 111 327
564 42 88
851 289 68
972 113 307
375 372 269
679 293 129
349 252 218
874 91 347
750 366 148
647 116 332
858 350 159
425 114 177
285 218 168
711 324 45
903 324 97
252 62 195
411 86 101
644 151 118
582 259 79
75 112 67
415 264 319
255 20 224
1008 258 328
70 326 138
608 3 360
1005 265 17
258 230 321
753 28 236
132 52 78
237 118 98
458 153 50
303 325 13
540 177 243
825 274 220
854 1 19
944 63 245
376 177 87
478 71 93
622 375 42
351 83 314
721 90 88
343 291 71
822 332 347
307 84 204
542 255 265
790 32 264
126 187 148
579 126 102
621 356 186
918 378 102
63 48 166
527 184 154
356 38 324
966 376 334
998 352 194
207 85 243
293 86 330
588 356 79
249 134 331
175 397 138
676 130 140
173 92 368
849 369 310
751 279 368
916 88 20
508 272 245
298 283 347
336 75 84
468 298 247
369 168 88
835 321 286
724 263 324
363 162 183
390 37 289
483 21 369
374 88 112
878 262 394
720 200 358
461 235 168
165 125 74
650 112 102
300 244 254
103 165 377
106 243 312
347 119 148
706 137 3
520 200 0
359 215 130
946 37 195
544 91 9
442 244 353
291 80 278
150 375 290
795 148 168
464 65 251
17 198 174
1013 105 193
218 74 77
657 105 243
747 122 321
319 195 365
21 374 84
895 228 201
771 349 19
479 1 258
715 364 70
925 285 309
373 392 333
550 294 285
740 312 106
28 12 204
541 27 303
935 266 157
198 389 128
840 212 42
994 155 75
25 348 345
334 241 361
905 265 294
938 94 339
421 18 196
5 329 355
623 219 390
845 341 209
424 170 227
465 302 341
324 25 275
435 77 311
824 163 346
570 166 379
690 395 205
939 208 159
197 93 126
725 258 176
990 5 61
682 136 81
332 187 25
855 353 302
44 313 209
700 349 362
264 296 382
430 386 146
183 147 376
775 354 167
274 38 231
492 128 243
733 395 270
254 349 312
409 284 234
1011 328 353
214 224 395
549 391 375
3 193 373
122 336 214
932 183 291
631 352 186
597 45 84
472 177 17
145 125 237
1009 311 10
996 102 217
248 306 228
883 307 327
589 191 201
33 130 180
482 310 32
836 116 169
427 288 317
670 394 83
262 68 363
585 15 17
156 210 43
414 374 90
532 34 99
467 342 174
642 141 38
875 20 379
985 168 82
200 350 13
899 13 214
420 25 54
545 330 285
137 44 286
518 333 363
574 345 323
59 203 108
102 328 260
734 126 357
96 34 17
419 377 198
687 194 136
681 289 326
879 358 44
987 194 102
134 155 355
166 380 93
270 274 283
922 282 380
755 69 62
68 223 71
416 269 254
576 120 315
595 327 97
1007 55 363
533 44 251
627 249 373
523 237 3
727 310 320
852 114 43
281 58 300
444 249 285
537 195 93
591 44 10
22 297 120
553 82 77
705 393 7
942 23 156
162 24 21
30 369 236
246 142 128
394 154 377
803 6 169
109 254 318
118 282 348
598 70 50
902 21 188
149 329 359
315 222 292
880 219 383
116 327 318
34 21 246
767 156 275
234 219 213
476 367 226
16 314 208
348 72 312
565 207 141
558 211 202
773 341 155
940 34 389
154 147 347
250 21 102
506 149 381
919 248 252
862 184 252
516 364 325
931 35 391
157 187 122
703 325 124
1012 174 164
232 388 149
313 347 141
968 347 165
151 298 94
691 144 84
912 247 100
730 30 274
185 367 396
920 128 71
798 138 125
338 235 195
551 133 189
580 40 255
395 69 152
438 258 41
531 325 128
163 341 61
502 202 67
828 298 85
436 181 152
457 233 228
759 258 251
108 358 205
115 399 73
904 330 111
999 178 204
485 334 166
117 32 48
228 8 390
648 56 371
39 3 315
178 327 26
316 231 54
213 191 79
396 211 308
489 320 3
656 7 368
9 214 124
948 315 309
891 111 358
51 199 283
1003 336 68
404 16 243
29 81 280
600 29 297
844 285 43
128 282 160
685 147 320
970 298 291
768 228 245
820 297 378
226 375 173
677 29 223
1000 232 199
259 9 115
562 166 5
640 322 235
815 147 216
952 27 103
78 51 300
172 375 364
737 143 125
778 14 297
289 8 212
384 328 250
937 113 341
261 75 390
992 243 264
781 240 50
839 309 303
885 293 169
870 224 207
216 397 320
418 288 148
481 344 83
770 85 53
814 29 123
174 220 14
473 140 57
991 331 81
620 388 356
729 234 234
110 250 181
510 226 272
865 88 119
205 46 45
606 113 29
247 77 378
571 359 285
321 324 92
945 309 60
160 22 81
385 165 48
613 87 299
826 109 390
927 165 320
74 364 86
684 75 16
45 161 375
611 358 387
80 60 300
686 289 122
388 81 245
251 270 333
169 366 71
962 181 110
87 192 112
392 243 328
594 99 325
386 146 264
641 126 399
908 187 181
894 202 268
749 37 22
113 228 267
554 376 348
72 48 219
99 260 69
36 234 384
762 142 25
982 353 133
995 231 275
989 196 243
170 141 202
683 64 103
279 120 330
280 318 375
517 173 231
609 41 315
459 36 387
522 69 231
184 261 269
709 148 156
760 373 34
856 278 369
0 317 104
663 23 44
124 27 399
366 317 313
265 26 187
67 195 350
352 225 224
224 83 27
231 273 290
297 6 102
610 353 278
340 370 35
702 162 148
495 32 51
718 152 110
881 105 56
206 165 131
951 2 110
466 264 296
626 196 267
210 252 238
494 271 139
454 16 331
236 98 61
743 204 346
221 172 141
913 71 216
256 281 159
107 206 33
634 314 20
509 253 36
615 273 350
225 128 375
569 197 142
713 276 220
605 75 229
477 180 393
538 258 217
645 352 327
958 381 206
73 173 166
240 49 1
841 5 394
732 357 326
10 4 324
286 230 303
525 253 227
55 253 349
364 35 261
1001 82 255
144 270 98
590 383 366
673 190 303
984 212 154
587 190 253
672 164 293
98 235 391
62 319 245
104 342 254
105 236 293
153 240 117
267 172 281
378 170 343
819 110 79
934 162 68
212 53 312
49 286 279
235 225 64
889 68 49
217 188 370
901 11 290
393 296 293
1 169 315
88 65 272
37 291 176
372 261 284
728 280 290
437 230 58
193 357 1
277 85 312
490 69 66
965 342 359
979 65 282
971 143 52
639 236 386
243 31 32
341 284 80
20 383 392
180 270 16
961 15 219
403 79 190
560 97 124
577 313 39
114 134 114
823 241 211
100 356 0
787 320 250
756 2 85
97 312 212
693 66 284
333 43 394
423 231 2
371 55 354
547 194 277
887 153 303
179 106 159
780 220 371
643 75 99
654 377 196
199 204 246
604 178 62
659 323 351
746 79 247
498 129 170
915 68 124
719 141 245
203 139 380
448 15 243
675 320 146
832 75 225
112 323 150
993 281 79
504 189 296
637 205 305
89 72 269
337 395 305
575 214 372
892 336 395
119 219 228
997 259 226
964 151 266
76 115 57
405 58 8
660 125 292
167 11 28
346 311 131
830 203 141
272 334 16
782 247 354
665 259 167
988 86 298
152 390 85
239 258 225
507 292 81
812 91 359
123 148 308
796 120 109
493 296 90
426 18 327
32 154 208
779 369 309
651 284 322
827 228 45
188 284 101
555 172 264
816 149 82
499 330 316
222 259 52
543 163 381
884 244 243
260 213 383
662 78 33
263 311 196
276 114 274
330 162 91
452 245 36
511 252 69
417 327 197
863 234 26
85 254 191
736 101 58
950 112 202
42 84 127
960 68 148
638 154 247
407 385 71
434 243 211
766 126 146
61 263 71
147 109 313
599 246 122
111 56 369
980 263 399
253 45 17
401 238 47
201 213 257
612 119 129
633 162 284
282 14 157
135 231 322
788 346 366
956 94 371
783 253 388
176 237 145
566 305 28
786 239 28
288 216 239
311 290 87
745 346 63
327 166 142
521 187 47
794 336 359
808 354 93
238 252 228
287 251 244
242 216 175
65 319 82
943 258 254
617 316 93
314 134 280
567 150 9
377 173 229
219 125 174
601 206 399
655 139 59
833 221 78
186 290 154
635 91 253
312 339 321
804 320 83
500 77 162
306 35 280
776 257 269
15 211 110
294 161 200
653 304 250
292 355 290
460 152 192
646 238 328
526 169 187
177 294 210
233 270 256
353 383 258
31 18 127
484 176 235
503 318 202
140 251 258
761 221 54
269 221 8
496 276 304
837 263 106
27 50 174
861 100 129
398 355 121
723 141 253
389 398 116
227 80 105
742 297 84
56 330 243
84 192 261
586 394 201
906 16 77
930 86 307
440 326 386
624 68 258
797 304 85
142 220 131
664 176 165
866 226 198
14 295 118
450 304 378
133 175 22
361 30 324
900 259 241
187 78 23
568 57 258
860 290 156
275 215 214
636 300 357
959 285 295
43 31 124
57 351 312
202 325 221
367 192 56
323 76 118
614 372 339
